11.468144833333
14.824307831667
18.136931833333
23.384462366667
23.9771821
26.070618333333
28.580112316667
21.789145333333
28.594313833333
26.562118833333
29.680526833333
32.185376333333
38.8258987
36.72116425
47.75212391
38.6473854
44.874456
61.256384816667
40.433494083333
45.145275733333
42.756819333333
40.38929885
36.34359535
34.932154333333
38.488994633333
37.007940316667
38.148846316667
40.381131533333
58.475465633333
40.537477866667
46.415112266667
49.5354258
67.913987433333
63.106683633333
78.126862333333
84.518006266667
131.61754733333
102.62766533333
60.575037433333
71.451500566667
62.15112995
65.269505
73.7575195
79.81539164
55.081271566667
61.316215951667
64.260473533333
90.244579866667
75.194038833333
63.722195333333
63.524419666667
81.571607833333
81.1706672
89.526058166667
91.133169066667
120.10999955
134.20099501667
103.58971393333
102.86134683333
112.17905666667
94.502426333333
68.496262866667
98.889870666667
66.401816666667
50.818898737667
46.438163333333
54.9922658
75.605841
80.967775183333
77.987995765
82.370464766667
86.926432833333
94.972074166667
94.068771233333
80.087558733333
83.640476066667
86.7154694
125.8828629
96.767944
91.1210965
122.57943568333
146.60571366667
127.42721583333
115.352044
130.639696
89.345333933333
69.152698666667
63.671445833333
88.364134166667
86.236203833333
102.018507
109.947584
121.49615183333
88.541912666667
65.128612666667
71.239408333333
69.8465395
96.448231166667
57.965174833333
67.7722515
60.913036666667
73.030137333333
88.6279585
69.121555916667
92.984215083333
85.168768
67.154288333333
107.7972667
105.96602516667
101.54382005
90.667970666667
146.80691
126.92389072783
114.79213966667
105.6422805
96.058201333333
76.6390325
72.5615845
80.55539
71.1043165
64.393877
57.5451295
67.528774666667
53.86674435
56.2397205
60.558577666667
50.545215648333
65.679755433333
53.4314231
41.111486316667
42.502542566667
35.270757416667
73.62494675
97.780036833333
119.82430583333
101.92711198333
119.70398455
118.75915338333
98.449522333333
125.86430516667
121.86140733333
96.072904925
116.7935585
102.89990683333
83.9423875
87.852728333333
78.197094333333
62.3532876085
55.830404533333
49.927471576667
62.803755133333
41.01120595
45.153490583333
76.965603166667
58.84025651
53.647841116667
78.715808366667
81.837840316667
85.4338809
84.681325833333
105.38424366667
115.83552616667
95.118313666667
111.72507626667
133.76392016667
79.576810166667
117.19901916667
102.70382583333
86.761774
106.891948
95.450084
89.688097666667
87.282833833333
113.87084683333
128.58150333333
124.67878533333
117.11008646667
78.300692
89.851642666667
76.242217336667
90.6746138
73.777511833333
92.672981916667
91.218282166667
87.334402666667
78.338769
98.8094085
90.0773645
105.4035494374
143.16103128333
118.73064666667
118.50965033333
104.12954133333
105.55896953333
141.54214966667
150.33754566667
123.84783433333
112.93004366667
101.02037187333
95.167845166667
90.569154583333
83.024814166667
85.3173615
83.808451166667
101.70928683333
89.201126
90.543147166667
94.807193666667
132.74505233333
140.296615
97.71518
73.825461833333
86.146145333333
78.158389833333
101.530668
102.95219303333
95.213804666667
111.3265749
69.534643
76.6773945
91.066301933333
90.019509666667
75.9777505
118.78113516667
85.277488333333
94.631361816667
124.43149783333
103.19792066667
95.399873166667
119.13699166667
109.45025783333
68.5519665
67.572103166667
73.345919833333
79.236199
69.242227833333
74.773806666667
66.82667828
97.445469833333
119.873469
124.86153983333
96.747112666667
67.7843045
69.0833955
85.862547666667
85.239670833333
106.618843
134.184765
153.62552033333
111.07894033333
87.847507083333
120.97576484167
116.34123333333
112.72325965
84.689658
59.3392771
72.457397
89.990453166667
80.05189305
67.056410783333
82.84468235
92.154839183333
99.4770775
112.97959953333
120.6986455
91.099959433333
119.85660816667
101.28523916667
94.567602166667
63.551252666667
87.070268833333
69.4919475
80.4516745
106.58982816667
95.734563666667
107.57454
60.4950772
67.679224666667
56.35333615
73.239016666667
87.225863
64.4606789
70.256713
81.017317166667
94.8420035
68.26265595
77.805860333333
85.843538666667
79.895742666667
75.51572195
88.254161
101.64407588333
131.18698426667
126.60398233333
165.676753
103.66731236667
101.13527366667
65.261594333333
69.209712766667
79.157850166667
87.312138666667
97.763009666667
96.5680713
92.591522141667
116.01633016667
156.47977616667
110.14553726667
129.74667666667
99.8554955
94.160947216667
104.32786765
99.335727466667
93.312796383333
88.8038769
91.173410166667
116.4776435
74.9797106
58.692361183333
49.787763833333
61.109095333333
72.644907066667
59.720178733333
68.0735165
89.020521096667
126.84033133333
120.65502183333
133.3229737
141.78761983333
117.30372033333
125.37540983333
126.84938433333
136.92303016667
185.03400465
121.46835666667
123.54654083333
148.89208333333
184.40112366667
153.38444686667
150.59124666667
106.98785881667
92.886420333333
101.93937328333
103.555155
100.27012116667
63.683383716667
38.597418483333
52.225182233333
59.491544316667
44.288554
50.25992245
55.204669166667
59.139370333333
87.776099416667
89.735687833333
79.7164915
85.585830833333
91.449874333333
92.6793395
93.929629666667
98.16149565
102.61202731667
127.96177833333
97.240716833333
120.38485281667
144.81610116667
89.026716
68.960054
70.64748685
67.883377166667
75.890154833333
67.4158696
75.142473733333
89.121398183333
82.4668735
126.97179516667
115.93414666667
116.41321783333
148.707094
116.9137575
67.65326085
93.752620666667
93.902610366667
85.640216666667
101.68925428333
104.46899983333
57.6818629
71.092044666667
56.377354466667
77.387252733333
79.3884455
90.091068166667
122.5400755
113.07089185
100.49418466667
114.88569083333
88.0977191
106.31279433333
93.559483883333
94.5496425
118.305902
102.89102316667
81.7938925
97.412628666667
104.59668816667
96.4473123
84.215324166667
98.62184735
108.5800026
88.53404
85.310562716667
77.663685733333
81.319338166667
79.576678133333
90.801985833333
69.878736166667
59.111653833333
81.528972283333
70.6222093
76.345433266667
62.7283949545
72.906370716667
81.702764183333
62.63029725
57.89789615
59.597084
41.393635866667
39.66688195
63.852326666667
60.114369491667
80.0797876
61.238518533333
82.165175116667
95.543264833333
45.425955
39.0525381
40.178608666667
63.312408833333
59.589435916667
60.060518316667
56.9041585
78.886283
81.2800349
59.232189606667
57.5486146
104.68595916667
71.926901066667
78.614598833333
72.085723833333
79.346779216667
44.28223
56.827070483333
52.235790833333
70.74884555
107.539626
84.608953
100.68420166667
111.05604735
103.52865666667
115.48892433333
97.147275666667
69.177478166667
81.602758
57.900754466667
77.825711833333
87.495539666667
76.409453166667
126.40804633333
74.03633155
71.529300816667
65.727203183333
100.65582055
100.35194483333
147.49081976667
150.18945883333
165.0099065
164.26740716667
164.626725
193.81924116667
175.623885
128.38751566667
121.59195166667
145.99856016667
127.95099433333
117.92224966667
93.952781666667
104.46638383333
70.191918833333
95.454992666667
77.193636233333
69.553349333333
97.879488716667
58.061084833333
61.102384266667
56.5495236
75.4311655
76.468087166667
54.667777833333
46.043976033333
51.466212333333
81.724486
84.737713166667
97.693476833333
100.15117828333
76.654515833333
83.891083083333
77.536771
74.559845
83.721957833333
87.77899
76.457044166667
87.847602833333
81.875031666667
121.71858166667
115.810008
94.88955305
87.652771666667
74.983068
67.192442333333
66.724479516667
76.086583933333
64.593826517383
69.391904
71.8439983
56.933747133333
61.391154121667
54.3130052
46.392987016667
60.106721666667
53.696145
71.405603666667
72.434989
68.677988333333
76.866849
57.462837983333
60.04575635
60.724148666667
88.186150166667
81.5941115
47.473206
28.87222465
48.3632885
64.621891
63.63952765
102.399234
102.66171583333
75.2610415
95.176026166667
93.346858866667
63.1398235
53.710086833333
50.484447546667
48.829376786667
77.48321094
64.897015133333
71.493032166667
69.660686633333
58.142191966667
52.473426918333
55.183604166667
69.2041335
82.533911916667
54.952196833333
76.222412366667
87.378428166667
38.3564651
59.232487866667
76.093986416667
76.635664266667
80.144442666667
100.6091755
95.856395
102.23144633333
77.490229166667
87.012472333333
86.5796355
88.184738833333
97.9255565
93.5632335
92.324517283333
103.76849966667
100.20648766667
76.672273666667
95.054799166667
79.574831833333
56.547283833333
76.69944085
59.909120883333
55.216674533333
53.272798813333
79.7134415
98.465515816667
99.011942666667
88.618322166667
81.972750166667
60.374043166667
55.96875329
79.665260586667
92.459217233333
77.7497011
94.189765666667
96.6573332
94.7001825
93.24204
114.67791605
77.282083433333
103.96616363167
96.5751188
93.292471566667
115.46300518333
159.91101366667
165.549755
85.0752025
87.67228035
84.338141883333
76.47279515
88.8650992
81.462114013333
74.168685666667
107.4003735
109.97896633333
93.126018
137.51299823333
109.186052
99.446738833333
76.9699585
62.3893025
119.06395436667
83.90057695
105.49194345
87.578947616667
92.040564616667
139.7608016
157.90837533333
179.36098316667
93.719990333333
105.6040385
78.909620616667
61.01688375
64.4318046
57.779417766667
59.622400416667
59.5491221
70.223065833333
78.348265333333
79.770498166667
105.732903
103.19821866667
101.436414
110.24641533333
120.1905885
151.31013416667
162.17483283333
125.18606516667
122.84417993333
80.471797833333
84.255110333333
84.126658
66.598090833333
54.7490983
49.512411666667
42.874568833333
46.6318205
54.820047405
57.967606616667
64.919920033333
53.452494533333
81.028836333333
48.757925716667
68.467999466667
80.824668
83.3994625
64.39486195
59.47929595
71.928472866667
72.5758273
74.629059166667
79.261228833333
82.350708666667
74.110862333333
72.195345166667
85.347064233333
101.7011865
94.965903733333
102.14187133333
77.642478333333
92.523883666667
48.297765833333
72.796876666667
66.787310333333
52.943678883333
48.798306666667
47.382884683333
42.114825833333
45.487272166667
58.112890833333
86.3481995
86.668179666667
65.1218252
91.011854666667
64.63583035
54.754395333333
64.806858966667
114.42819946833
107.61667566667
75.533276693333
75.690268833333
74.556706
86.637001333333
109.43929833333
92.451793933333
68.351829666667
65.9753035
70.884854666667
71.791329666667
68.429070231667
101.59971366667
75.437327
99.213249166667
132.62488733333
87.199225416667
88.105866
70.816366833333
49.768512833333
57.084480133333
84.601616833333
72.2793185
58.262447983333
60.7213926
65.214017333333
70.928703
58.16553205
66.186616333333
99.876971783333
86.282150166667
89.193418666667
109.51391083333
94.9879945
95.621578333333
63.996423666667
75.285515166667
71.057979
68.5809675
56.256348433333
71.038346533333
70.798497266667
122.14300466667
106.64024735
80.61519035
111.15686566667
118.23185133333
119.53103876667
96.010638366667
85.580295666667
83.311263083333
100.30695083333
91.742134
79.725246666667
81.104516233333
75.7941699
106.41421695
114.84664
94.383363666667
79.028848166667
86.349598833333
76.429310666667
100.49496483333
94.8183606
77.7093345
103.8012545
95.512275333333
109.12721483333
82.145921166667
82.5825762
69.701947866667
66.211544
82.0339425
99.949317666667
98.1818205
90.973365
89.940181333333
107.76956
67.958652983333
65.735032816667
56.9111695
93.623029666667
97.615800333333
112.2978585
80.299671116667
76.91564305
111.072389
62.005134098333
69.881763016667
53.486615616667
86.010542883333
71.763614016667
70.446427333333
82.1171032
91.748205666667
90.956054333333
108.53486383333
103.7311208
83.1227563
92.8346615
91.578332383333
68.788205883333
60.341651
80.6797393
72.9128615
92.649901333333
83.6559615
85.101248333333
91.8152315
55.087256466667
53.958914733333
53.588572666667
73.875596216667
54.2702995
43.66650735
46.963505833333
51.829270666667
48.342476116667
50.6688616
67.5331218
69.6379965
46.2618425
58.320454833333
64.192334
76.130660383333
93.7962986
121.854535
89.203129666667
98.256747316667
92.971875666667
101.75761483333
85.059927
65.618155583333
60.743701016667
53.09545965
60.459902683333
101.46063765
96.555919333333
68.001044666667
79.77598225
106.664612
104.89973096667
69.07885405
84.71470815
72.8347125
82.324395216667
92.554728166667
83.835310666667
78.781380666667
78.931498333333
80.272323333333
95.18259855
89.417508448333
95.191163466667
79.208909533333
74.050299916667
68.765379333333
79.206938
99.079416166667
72.6018385
82.193294
90.703349666667
62.475352016667
65.714793666667
73.092460683333
70.6568699
74.9482065
65.511161833333
58.3087854
58.177562966667
75.638655083333
96.222009666667
127.510969405
110.81694983333
157.64799133333
115.41633806667
83.42413765
58.551695266667
53.842443166667
56.744520666667
64.806978666667
54.689628183333
89.775415166667
91.6995025
103.45961166667
86.201593333333
83.168033666667
87.205806666667
74.226560166667
62.931247666667
53.6250315
76.2879675
76.969985
83.516301333333
82.391976
91.641373833333
69.7716535
105.980345
70.018192016667
87.171181566667
88.490790666667
91.429017166667
89.85253565
92.098796366667
98.512118583333
104.30944716667
76.562014583333
70.2182201
64.710914566667
81.93921145
62.406618
50.995380883333
67.22485917
69.276136266667
58.349136838333
63.306544533333
66.521878166667
85.464193666667
88.896536466667
104.075734
91.59692345
80.931443
82.5928265
83.253321333333
73.764393833333
69.158400166667
93.051908783333
101.57900666667
84.554818166667
110.65131333333
86.706219133333
75.378195346667
55.3810156
65.7268578
81.566661
85.923810166667
100.5437165
88.769563166667
91.917517166667
105.960483
112.0524375
97.292218283333
85.84964
118.14548485
87.538897683333
51.7512298
52.031916833333
86.9512835
60.411955333333
84.301210416667
119.4619942
96.3338187
99.747603333333
71.52432865
97.277799166667
104.44918983333
106.0080107
115.36866633333
97.796418766667
113.19438835
118.00654016667
70.363987333333
68.307408166667
79.407975166667
65.2599505
68.500294333333
69.981092166667
58.0213839
84.477135133333
76.414617833333
76.578692
75.07539355
66.359993366667
80.74296155
101.40221666667
114.49253455
155.85000008333
121.37521533333
99.504673533333
106.68230516667
129.72501883333
97.133971666667
102.46298416667
97.960015333333
78.225462416667
98.02858465
75.95284975
85.420864816667
73.989929666667
88.732161666667
87.229170166667
90.781584833333
106.62609333333
61.643016
51.054917983333
88.856873616667
93.704236
