74.1343
89.402
89.402
182.901
182.901
182.901
182.901
182.901
182.901
182.901
182.901
182.901
182.901
182.901
186.817
261.075
261.075
261.075
261.075
261.075
261.075
261.075
261.075
261.075
261.075
261.075
261.075
261.075
299.947
299.947
312.535
312.535
312.535
312.535
312.535
312.535
317.432
320.488
320.488
320.488
320.488
320.488
320.488
320.488
320.488
324.357
324.357
324.357
324.357
324.357
324.357
324.357
324.357
324.357
334.763
334.763
334.763
334.763
334.763
334.763
334.763
334.763
334.763
334.763
334.763
334.763
334.763
334.763
334.763
334.763
334.763
334.763
334.763
334.763
334.763
334.763
334.763
334.763
334.763
334.763
334.763
334.763
334.763
346.911
354.349
354.349
354.349
354.349
354.349
354.349
354.349
354.349
354.349
354.349
354.349
354.349
354.349
354.349
354.349
354.349
354.349
354.349
354.349
354.349
354.349
354.349
354.349
354.349
354.349
354.349
354.349
354.349
354.349
354.349
354.349
354.349
354.349
354.349
354.349
354.349
354.349
354.349
354.349
354.349
354.349
354.349
354.349
354.349
354.349
354.349
354.349
354.349
354.349
354.349
354.349
354.349
354.349
354.349
354.349
354.349
354.349
354.349
354.349
354.349
354.349
354.349
354.349
354.349
354.349
354.349
354.349
354.349
354.349
354.349
354.349
354.349
354.349
355.525
355.525
355.525
355.525
355.525
355.525
355.525
355.525
355.525
355.525
355.525
355.525
355.525
355.525
355.525
355.525
355.525
355.525
355.525
355.525
355.525
355.525
355.525
355.525
355.525
355.525
355.525
355.525
355.525
355.525
355.525
355.525
355.525
355.525
355.525
355.525
355.525
368.987
368.987
368.987
368.987
368.987
368.987
368.987
368.987
368.987
368.987
368.987
368.987
368.987
368.987
368.987
368.987
368.987
368.987
368.987
368.987
368.987
368.987
368.987
368.987
368.987
368.987
368.987
368.987
368.987
368.987
368.987
368.987
368.987
368.987
368.987
368.987
368.987
368.987
368.987
368.987
368.987
368.987
368.987
368.987
368.987
370.219
370.219
370.219
370.219
370.219
370.927
370.927
370.927
370.927
370.927
370.927
370.927
370.927
370.927
370.927
370.927
370.927
370.927
384.914
384.914
384.914
384.914
384.914
384.914
384.914
384.914
384.914
384.914
384.914
384.914
384.914
384.914
384.914
384.914
384.914
384.914
384.914
384.914
384.914
384.914
384.914
384.914
384.914
384.914
384.914
384.914
384.914
384.914
384.914
384.914
384.914
384.914
384.914
384.914
384.914
384.914
384.914
384.914
384.914
384.914
384.914
384.914
384.914
384.914
384.914
384.914
384.914
384.914
384.914
384.914
384.914
384.914
384.914
384.914
384.914
384.914
384.914
384.914
384.914
384.914
384.914
384.914
384.914
384.914
384.914
384.914
384.914
384.914
384.914
384.914
384.914
384.914
384.914
384.914
384.914
384.914
384.914
384.914
384.914
384.914
384.914
384.914
384.914
384.914
384.914
384.914
384.914
384.914
384.914
384.914
384.914
384.914
384.914
384.914
384.914
384.914
384.914
384.914
384.914
384.914
384.914
384.914
384.914
384.914
384.914
384.914
384.914
384.914
384.914
384.914
384.914
384.914
384.914
384.914
384.914
384.914
384.914
384.914
384.914
384.914
384.914
384.914
384.914
384.914
384.914
384.914
384.914
384.914
384.914
384.914
384.914
384.914
384.914
384.914
384.914
384.914
384.914
384.914
384.914
384.914
384.914
384.914
384.914
384.914
384.914
384.914
384.914
384.914
384.914
384.914
384.914
384.914
384.914
384.914
384.914
384.914
384.914
384.914
384.914
384.914
384.914
384.914
384.914
384.914
384.914
384.914
384.914
384.914
384.914
384.914
384.914
384.914
384.914
384.914
384.914
384.914
384.914
384.914
384.914
384.914
384.914
384.914
384.914
384.914
384.914
384.914
384.914
384.914
384.914
384.914
384.914
384.914
384.914
384.914
384.914
384.914
384.914
384.914
384.914
384.914
384.914
384.914
384.914
384.914
384.914
384.914
384.914
384.914
384.914
384.914
384.914
384.914
384.914
384.914
384.914
384.914
384.914
384.914
385.73
385.73
385.73
385.73
387.178
387.178
387.178
387.178
387.178
387.178
387.178
387.178
387.178
387.178
387.178
387.178
387.178
387.178
387.178
387.178
387.178
387.178
387.178
387.178
387.178
387.178
387.178
387.178
387.178
387.178
387.178
387.178
387.178
391.89
391.89
391.89
391.89
391.89
391.89
391.89
391.89
391.89
391.89
391.89
391.89
391.89
391.89
391.89
391.89
391.89
391.89
391.89
391.89
391.89
391.89
391.89
391.89
391.89
391.89
391.89
391.89
391.89
391.89
391.89
391.89
391.89
391.89
391.89
391.89
391.89
391.89
391.89
391.89
391.89
391.89
391.89
391.89
391.89
391.89
391.89
391.89
391.89
391.89
391.89
391.89
391.89
391.89
391.89
391.89
391.89
391.89
391.89
391.89
391.89
391.89
391.89
391.89
391.89
391.89
391.89
391.89
391.89
391.89
391.89
391.89
391.89
391.89
391.89
391.89
391.89
391.89
391.89
391.89
391.89
391.89
395.13
395.13
395.13
395.13
395.13
395.82
395.82
395.82
395.82
395.82
395.82
395.82
400.576
400.576
400.576
400.576
400.576
400.576
400.576
400.576
400.576
400.576
400.576
400.576
400.576
400.576
400.576
400.576
400.576
400.576
400.576
400.576
400.576
400.576
400.576
400.576
400.576
400.576
400.576
400.576
400.576
400.576
400.576
400.576
400.576
400.576
400.576
400.576
400.576
400.576
400.576
400.576
400.576
400.576
400.576
400.576
400.576
400.576
400.576
400.576
400.576
400.576
400.576
400.576
400.576
400.576
400.576
400.576
400.576
400.576
400.576
400.576
400.576
400.576
400.576
400.576
400.576
400.576
400.576
400.576
400.576
400.576
400.576
400.576
400.576
400.576
400.576
400.576
400.576
400.576
400.576
400.576
400.576
400.576
400.576
400.576
400.576
400.576
400.576
400.576
400.576
400.576
400.576
400.576
400.576
400.576
400.576
400.576
400.576
400.576
400.576
400.576
400.576
400.576
400.576
400.576
400.576
400.576
400.576
400.576
400.576
400.576
400.576
400.576
400.576
400.576
400.576
400.576
400.576
400.576
400.576
400.576
400.576
400.576
400.576
400.576
400.576
400.576
400.576
400.576
400.576
400.576
400.576
400.576
400.576
400.576
400.576
400.576
400.576
400.576
400.576
400.576
400.576
400.576
400.576
400.576
400.576
400.576
400.576
400.576
400.576
400.576
400.576
400.576
400.576
400.576
400.576
400.576
400.576
400.576
400.576
400.576
400.576
400.576
400.576
400.576
400.576
400.576
400.576
400.576
400.576
400.576
400.576
400.576
400.576
400.576
400.576
400.576
400.576
400.576
400.576
400.576
400.576
400.576
400.576
400.576
400.576
400.576
400.576
400.576
400.576
400.576
400.576
400.576
400.576
400.576
400.576
400.576
400.576
400.576
400.576
400.576
400.576
400.576
400.576
400.576
400.576
400.576
400.576
400.576
400.576
400.576
400.576
400.576
400.576
400.576
400.576
400.576
400.576
400.576
400.576
400.576
400.576
400.576
400.576
400.576
400.576
400.576
400.576
400.576
400.576
400.576
400.576
400.576
400.576
400.576
400.576
400.576
400.576
400.576
400.576
400.576
400.576
400.576
400.576
400.576
400.576
400.576
400.576
400.576
400.576
400.576
400.576
400.576
400.576
400.576
400.576
400.576
400.576
400.576
400.576
400.576
400.576
400.576
400.576
400.576
400.576
400.576
400.576
400.576
400.576
400.576
400.576
400.576
400.576
400.576
400.576
400.576
400.576
400.576
400.576
400.576
400.576
423.036
423.036
423.036
423.036
423.036
423.036
423.036
423.036
423.036
423.036
423.036
423.036
423.036
423.036
423.036
423.036
423.036
423.036
423.036
423.036
423.036
423.036
423.036
423.036
423.036
423.036
423.036
423.036
423.036
423.036
423.036
423.036
423.036
423.036
423.036
423.036
423.036
423.036
423.036
423.036
423.036
423.036
423.036
423.036
423.036
423.036
423.036
423.036
423.036
423.036
423.036
423.036
423.036
423.036
423.036
423.036
423.036
423.036
423.036
423.036
423.036
423.036
423.036
423.036
423.036
423.036
423.036
423.036
423.036
423.036
423.036
423.036
423.036
423.036
423.036
423.036
423.036
423.036
423.036
423.036
423.036
423.036
423.036
423.036
423.036
423.036
423.036
423.036
423.036
423.036
423.036
423.036
423.036
423.036
423.036
423.036
423.036
423.036
423.036
423.036
423.036
423.036
423.036
423.036
423.036
423.036
423.036
423.036
423.036
423.036
423.036
423.036
423.036
423.036
423.036
