74.1343	11.468144833333
89.402	14.824307831667
89.402	18.136931833333
182.901	23.384462366667
182.901	23.9771821
182.901	26.070618333333
182.901	28.580112316667
182.901	21.789145333333
182.901	28.594313833333
182.901	26.562118833333
182.901	29.680526833333
182.901	32.185376333333
182.901	38.8258987
182.901	36.72116425
186.817	47.75212391
261.075	38.6473854
261.075	44.874456
261.075	61.256384816667
261.075	40.433494083333
261.075	45.145275733333
261.075	42.756819333333
261.075	40.38929885
261.075	36.34359535
261.075	34.932154333333
261.075	38.488994633333
261.075	37.007940316667
261.075	38.148846316667
261.075	40.381131533333
299.947	58.475465633333
299.947	40.537477866667
312.535	46.415112266667
312.535	49.5354258
312.535	67.913987433333
312.535	63.106683633333
312.535	78.126862333333
312.535	84.518006266667
317.432	131.61754733333
320.488	102.62766533333
320.488	60.575037433333
320.488	71.451500566667
320.488	62.15112995
320.488	65.269505
320.488	73.7575195
320.488	79.81539164
320.488	55.081271566667
324.357	61.316215951667
324.357	64.260473533333
324.357	90.244579866667
324.357	75.194038833333
324.357	63.722195333333
324.357	63.524419666667
324.357	81.571607833333
324.357	81.1706672
324.357	89.526058166667
334.763	91.133169066667
334.763	120.10999955
334.763	134.20099501667
334.763	103.58971393333
334.763	102.86134683333
334.763	112.17905666667
334.763	94.502426333333
334.763	68.496262866667
334.763	98.889870666667
334.763	66.401816666667
334.763	50.818898737667
334.763	46.438163333333
334.763	54.9922658
334.763	75.605841
334.763	80.967775183333
334.763	77.987995765
334.763	82.370464766667
334.763	86.926432833333
334.763	94.972074166667
334.763	94.068771233333
334.763	80.087558733333
334.763	83.640476066667
334.763	86.7154694
334.763	125.8828629
334.763	96.767944
334.763	91.1210965
334.763	122.57943568333
334.763	146.60571366667
334.763	127.42721583333
346.911	115.352044
354.349	130.639696
354.349	89.345333933333
354.349	69.152698666667
354.349	63.671445833333
354.349	88.364134166667
354.349	86.236203833333
354.349	102.018507
354.349	109.947584
354.349	121.49615183333
354.349	88.541912666667
354.349	65.128612666667
354.349	71.239408333333
354.349	69.8465395
354.349	96.448231166667
354.349	57.965174833333
354.349	67.7722515
354.349	60.913036666667
354.349	73.030137333333
354.349	88.6279585
354.349	69.121555916667
354.349	92.984215083333
354.349	85.168768
354.349	67.154288333333
354.349	107.7972667
354.349	105.96602516667
354.349	101.54382005
354.349	90.667970666667
354.349	146.80691
354.349	126.92389072783
354.349	114.79213966667
354.349	105.6422805
354.349	96.058201333333
354.349	76.6390325
354.349	72.5615845
354.349	80.55539
354.349	71.1043165
354.349	64.393877
354.349	57.5451295
354.349	67.528774666667
354.349	53.86674435
354.349	56.2397205
354.349	60.558577666667
354.349	50.545215648333
354.349	65.679755433333
354.349	53.4314231
354.349	41.111486316667
354.349	42.502542566667
354.349	35.270757416667
354.349	73.62494675
354.349	97.780036833333
354.349	119.82430583333
354.349	101.92711198333
354.349	119.70398455
354.349	118.75915338333
354.349	98.449522333333
354.349	125.86430516667
354.349	121.86140733333
354.349	96.072904925
354.349	116.7935585
354.349	102.89990683333
354.349	83.9423875
354.349	87.852728333333
354.349	78.197094333333
354.349	62.3532876085
354.349	55.830404533333
354.349	49.927471576667
354.349	62.803755133333
354.349	41.01120595
354.349	45.153490583333
354.349	76.965603166667
354.349	58.84025651
354.349	53.647841116667
354.349	78.715808366667
355.525	81.837840316667
355.525	85.4338809
355.525	84.681325833333
355.525	105.38424366667
355.525	115.83552616667
355.525	95.118313666667
355.525	111.72507626667
355.525	133.76392016667
355.525	79.576810166667
355.525	117.19901916667
355.525	102.70382583333
355.525	86.761774
355.525	106.891948
355.525	95.450084
355.525	89.688097666667
355.525	87.282833833333
355.525	113.87084683333
355.525	128.58150333333
355.525	124.67878533333
355.525	117.11008646667
355.525	78.300692
355.525	89.851642666667
355.525	76.242217336667
355.525	90.6746138
355.525	73.777511833333
355.525	92.672981916667
355.525	91.218282166667
355.525	87.334402666667
355.525	78.338769
355.525	98.8094085
355.525	90.0773645
355.525	105.4035494374
355.525	143.16103128333
355.525	118.73064666667
355.525	118.50965033333
355.525	104.12954133333
355.525	105.55896953333
368.987	141.54214966667
368.987	150.33754566667
368.987	123.84783433333
368.987	112.93004366667
368.987	101.02037187333
368.987	95.167845166667
368.987	90.569154583333
368.987	83.024814166667
368.987	85.3173615
368.987	83.808451166667
368.987	101.70928683333
368.987	89.201126
368.987	90.543147166667
368.987	94.807193666667
368.987	132.74505233333
368.987	140.296615
368.987	97.71518
368.987	73.825461833333
368.987	86.146145333333
368.987	78.158389833333
368.987	101.530668
368.987	102.95219303333
368.987	95.213804666667
368.987	111.3265749
368.987	69.534643
368.987	76.6773945
368.987	91.066301933333
368.987	90.019509666667
368.987	75.9777505
368.987	118.78113516667
368.987	85.277488333333
368.987	94.631361816667
368.987	124.43149783333
368.987	103.19792066667
368.987	95.399873166667
368.987	119.13699166667
368.987	109.45025783333
368.987	68.5519665
368.987	67.572103166667
368.987	73.345919833333
368.987	79.236199
368.987	69.242227833333
368.987	74.773806666667
368.987	66.82667828
368.987	97.445469833333
370.219	119.873469
370.219	124.86153983333
370.219	96.747112666667
370.219	67.7843045
370.219	69.0833955
370.927	85.862547666667
370.927	85.239670833333
370.927	106.618843
370.927	134.184765
370.927	153.62552033333
370.927	111.07894033333
370.927	87.847507083333
370.927	120.97576484167
370.927	116.34123333333
370.927	112.72325965
370.927	84.689658
370.927	59.3392771
370.927	72.457397
384.914	89.990453166667
384.914	80.05189305
384.914	67.056410783333
384.914	82.84468235
384.914	92.154839183333
384.914	99.4770775
384.914	112.97959953333
384.914	120.6986455
384.914	91.099959433333
384.914	119.85660816667
384.914	101.28523916667
384.914	94.567602166667
384.914	63.551252666667
384.914	87.070268833333
384.914	69.4919475
384.914	80.4516745
384.914	106.58982816667
384.914	95.734563666667
384.914	107.57454
384.914	60.4950772
384.914	67.679224666667
384.914	56.35333615
384.914	73.239016666667
384.914	87.225863
384.914	64.4606789
384.914	70.256713
384.914	81.017317166667
384.914	94.8420035
384.914	68.26265595
384.914	77.805860333333
384.914	85.843538666667
384.914	79.895742666667
384.914	75.51572195
384.914	88.254161
384.914	101.64407588333
384.914	131.18698426667
384.914	126.60398233333
384.914	165.676753
384.914	103.66731236667
384.914	101.13527366667
384.914	65.261594333333
384.914	69.209712766667
384.914	79.157850166667
384.914	87.312138666667
384.914	97.763009666667
384.914	96.5680713
384.914	92.591522141667
384.914	116.01633016667
384.914	156.47977616667
384.914	110.14553726667
384.914	129.74667666667
384.914	99.8554955
384.914	94.160947216667
384.914	104.32786765
384.914	99.335727466667
384.914	93.312796383333
384.914	88.8038769
384.914	91.173410166667
384.914	116.4776435
384.914	74.9797106
384.914	58.692361183333
384.914	49.787763833333
384.914	61.109095333333
384.914	72.644907066667
384.914	59.720178733333
384.914	68.0735165
384.914	89.020521096667
384.914	126.84033133333
384.914	120.65502183333
384.914	133.3229737
384.914	141.78761983333
384.914	117.30372033333
384.914	125.37540983333
384.914	126.84938433333
384.914	136.92303016667
384.914	185.03400465
384.914	121.46835666667
384.914	123.54654083333
384.914	148.89208333333
384.914	184.40112366667
384.914	153.38444686667
384.914	150.59124666667
384.914	106.98785881667
384.914	92.886420333333
384.914	101.93937328333
384.914	103.555155
384.914	100.27012116667
384.914	63.683383716667
384.914	38.597418483333
384.914	52.225182233333
384.914	59.491544316667
384.914	44.288554
384.914	50.25992245
384.914	55.204669166667
384.914	59.139370333333
384.914	87.776099416667
384.914	89.735687833333
384.914	79.7164915
384.914	85.585830833333
384.914	91.449874333333
384.914	92.6793395
384.914	93.929629666667
384.914	98.16149565
384.914	102.61202731667
384.914	127.96177833333
384.914	97.240716833333
384.914	120.38485281667
384.914	144.81610116667
384.914	89.026716
384.914	68.960054
384.914	70.64748685
384.914	67.883377166667
384.914	75.890154833333
384.914	67.4158696
384.914	75.142473733333
384.914	89.121398183333
384.914	82.4668735
384.914	126.97179516667
384.914	115.93414666667
384.914	116.41321783333
384.914	148.707094
384.914	116.9137575
384.914	67.65326085
384.914	93.752620666667
384.914	93.902610366667
384.914	85.640216666667
384.914	101.68925428333
384.914	104.46899983333
384.914	57.6818629
384.914	71.092044666667
384.914	56.377354466667
384.914	77.387252733333
384.914	79.3884455
384.914	90.091068166667
384.914	122.5400755
384.914	113.07089185
384.914	100.49418466667
384.914	114.88569083333
384.914	88.0977191
384.914	106.31279433333
384.914	93.559483883333
384.914	94.5496425
384.914	118.305902
384.914	102.89102316667
384.914	81.7938925
384.914	97.412628666667
384.914	104.59668816667
384.914	96.4473123
384.914	84.215324166667
384.914	98.62184735
384.914	108.5800026
384.914	88.53404
384.914	85.310562716667
384.914	77.663685733333
384.914	81.319338166667
384.914	79.576678133333
384.914	90.801985833333
384.914	69.878736166667
384.914	59.111653833333
384.914	81.528972283333
384.914	70.6222093
384.914	76.345433266667
384.914	62.7283949545
384.914	72.906370716667
384.914	81.702764183333
384.914	62.63029725
384.914	57.89789615
384.914	59.597084
384.914	41.393635866667
384.914	39.66688195
384.914	63.852326666667
384.914	60.114369491667
384.914	80.0797876
384.914	61.238518533333
384.914	82.165175116667
384.914	95.543264833333
384.914	45.425955
384.914	39.0525381
384.914	40.178608666667
384.914	63.312408833333
384.914	59.589435916667
384.914	60.060518316667
384.914	56.9041585
384.914	78.886283
384.914	81.2800349
384.914	59.232189606667
384.914	57.5486146
384.914	104.68595916667
384.914	71.926901066667
384.914	78.614598833333
384.914	72.085723833333
384.914	79.346779216667
384.914	44.28223
384.914	56.827070483333
384.914	52.235790833333
384.914	70.74884555
384.914	107.539626
384.914	84.608953
384.914	100.68420166667
384.914	111.05604735
384.914	103.52865666667
384.914	115.48892433333
384.914	97.147275666667
384.914	69.177478166667
384.914	81.602758
384.914	57.900754466667
384.914	77.825711833333
384.914	87.495539666667
384.914	76.409453166667
384.914	126.40804633333
384.914	74.03633155
384.914	71.529300816667
384.914	65.727203183333
384.914	100.65582055
384.914	100.35194483333
384.914	147.49081976667
384.914	150.18945883333
384.914	165.0099065
384.914	164.26740716667
384.914	164.626725
385.73	193.81924116667
385.73	175.623885
385.73	128.38751566667
385.73	121.59195166667
387.178	145.99856016667
387.178	127.95099433333
387.178	117.92224966667
387.178	93.952781666667
387.178	104.46638383333
387.178	70.191918833333
387.178	95.454992666667
387.178	77.193636233333
387.178	69.553349333333
387.178	97.879488716667
387.178	58.061084833333
387.178	61.102384266667
387.178	56.5495236
387.178	75.4311655
387.178	76.468087166667
387.178	54.667777833333
387.178	46.043976033333
387.178	51.466212333333
387.178	81.724486
387.178	84.737713166667
387.178	97.693476833333
387.178	100.15117828333
387.178	76.654515833333
387.178	83.891083083333
387.178	77.536771
387.178	74.559845
387.178	83.721957833333
387.178	87.77899
387.178	76.457044166667
391.89	87.847602833333
391.89	81.875031666667
391.89	121.71858166667
391.89	115.810008
391.89	94.88955305
391.89	87.652771666667
391.89	74.983068
391.89	67.192442333333
391.89	66.724479516667
391.89	76.086583933333
391.89	64.593826517383
391.89	69.391904
391.89	71.8439983
391.89	56.933747133333
391.89	61.391154121667
391.89	54.3130052
391.89	46.392987016667
391.89	60.106721666667
391.89	53.696145
391.89	71.405603666667
391.89	72.434989
391.89	68.677988333333
391.89	76.866849
391.89	57.462837983333
391.89	60.04575635
391.89	60.724148666667
391.89	88.186150166667
391.89	81.5941115
391.89	47.473206
391.89	28.87222465
391.89	48.3632885
391.89	64.621891
391.89	63.63952765
391.89	102.399234
391.89	102.66171583333
391.89	75.2610415
391.89	95.176026166667
391.89	93.346858866667
391.89	63.1398235
391.89	53.710086833333
391.89	50.484447546667
391.89	48.829376786667
391.89	77.48321094
391.89	64.897015133333
391.89	71.493032166667
391.89	69.660686633333
391.89	58.142191966667
391.89	52.473426918333
391.89	55.183604166667
391.89	69.2041335
391.89	82.533911916667
391.89	54.952196833333
391.89	76.222412366667
391.89	87.378428166667
391.89	38.3564651
391.89	59.232487866667
391.89	76.093986416667
391.89	76.635664266667
391.89	80.144442666667
391.89	100.6091755
391.89	95.856395
391.89	102.23144633333
391.89	77.490229166667
391.89	87.012472333333
391.89	86.5796355
391.89	88.184738833333
391.89	97.9255565
391.89	93.5632335
391.89	92.324517283333
391.89	103.76849966667
391.89	100.20648766667
391.89	76.672273666667
391.89	95.054799166667
391.89	79.574831833333
391.89	56.547283833333
391.89	76.69944085
391.89	59.909120883333
391.89	55.216674533333
391.89	53.272798813333
391.89	79.7134415
391.89	98.465515816667
391.89	99.011942666667
395.13	88.618322166667
395.13	81.972750166667
395.13	60.374043166667
395.13	55.96875329
395.13	79.665260586667
395.82	92.459217233333
395.82	77.7497011
395.82	94.189765666667
395.82	96.6573332
395.82	94.7001825
395.82	93.24204
395.82	114.67791605
400.576	77.282083433333
400.576	103.96616363167
400.576	96.5751188
400.576	93.292471566667
400.576	115.46300518333
400.576	159.91101366667
400.576	165.549755
400.576	85.0752025
400.576	87.67228035
400.576	84.338141883333
400.576	76.47279515
400.576	88.8650992
400.576	81.462114013333
400.576	74.168685666667
400.576	107.4003735
400.576	109.97896633333
400.576	93.126018
400.576	137.51299823333
400.576	109.186052
400.576	99.446738833333
400.576	76.9699585
400.576	62.3893025
400.576	119.06395436667
400.576	83.90057695
400.576	105.49194345
400.576	87.578947616667
400.576	92.040564616667
400.576	139.7608016
400.576	157.90837533333
400.576	179.36098316667
400.576	93.719990333333
400.576	105.6040385
400.576	78.909620616667
400.576	61.01688375
400.576	64.4318046
400.576	57.779417766667
400.576	59.622400416667
400.576	59.5491221
400.576	70.223065833333
400.576	78.348265333333
400.576	79.770498166667
400.576	105.732903
400.576	103.19821866667
400.576	101.436414
400.576	110.24641533333
400.576	120.1905885
400.576	151.31013416667
400.576	162.17483283333
400.576	125.18606516667
400.576	122.84417993333
400.576	80.471797833333
400.576	84.255110333333
400.576	84.126658
400.576	66.598090833333
400.576	54.7490983
400.576	49.512411666667
400.576	42.874568833333
400.576	46.6318205
400.576	54.820047405
400.576	57.967606616667
400.576	64.919920033333
400.576	53.452494533333
400.576	81.028836333333
400.576	48.757925716667
400.576	68.467999466667
400.576	80.824668
400.576	83.3994625
400.576	64.39486195
400.576	59.47929595
400.576	71.928472866667
400.576	72.5758273
400.576	74.629059166667
400.576	79.261228833333
400.576	82.350708666667
400.576	74.110862333333
400.576	72.195345166667
400.576	85.347064233333
400.576	101.7011865
400.576	94.965903733333
400.576	102.14187133333
400.576	77.642478333333
400.576	92.523883666667
400.576	48.297765833333
400.576	72.796876666667
400.576	66.787310333333
400.576	52.943678883333
400.576	48.798306666667
400.576	47.382884683333
400.576	42.114825833333
400.576	45.487272166667
400.576	58.112890833333
400.576	86.3481995
400.576	86.668179666667
400.576	65.1218252
400.576	91.011854666667
400.576	64.63583035
400.576	54.754395333333
400.576	64.806858966667
400.576	114.42819946833
400.576	107.61667566667
400.576	75.533276693333
400.576	75.690268833333
400.576	74.556706
400.576	86.637001333333
400.576	109.43929833333
400.576	92.451793933333
400.576	68.351829666667
400.576	65.9753035
400.576	70.884854666667
400.576	71.791329666667
400.576	68.429070231667
400.576	101.59971366667
400.576	75.437327
400.576	99.213249166667
400.576	132.62488733333
400.576	87.199225416667
400.576	88.105866
400.576	70.816366833333
400.576	49.768512833333
400.576	57.084480133333
400.576	84.601616833333
400.576	72.2793185
400.576	58.262447983333
400.576	60.7213926
400.576	65.214017333333
400.576	70.928703
400.576	58.16553205
400.576	66.186616333333
400.576	99.876971783333
400.576	86.282150166667
400.576	89.193418666667
400.576	109.51391083333
400.576	94.9879945
400.576	95.621578333333
400.576	63.996423666667
400.576	75.285515166667
400.576	71.057979
400.576	68.5809675
400.576	56.256348433333
400.576	71.038346533333
400.576	70.798497266667
400.576	122.14300466667
400.576	106.64024735
400.576	80.61519035
400.576	111.15686566667
400.576	118.23185133333
400.576	119.53103876667
400.576	96.010638366667
400.576	85.580295666667
400.576	83.311263083333
400.576	100.30695083333
400.576	91.742134
400.576	79.725246666667
400.576	81.104516233333
400.576	75.7941699
400.576	106.41421695
400.576	114.84664
400.576	94.383363666667
400.576	79.028848166667
400.576	86.349598833333
400.576	76.429310666667
400.576	100.49496483333
400.576	94.8183606
400.576	77.7093345
400.576	103.8012545
400.576	95.512275333333
400.576	109.12721483333
400.576	82.145921166667
400.576	82.5825762
400.576	69.701947866667
400.576	66.211544
400.576	82.0339425
400.576	99.949317666667
400.576	98.1818205
400.576	90.973365
400.576	89.940181333333
400.576	107.76956
400.576	67.958652983333
400.576	65.735032816667
400.576	56.9111695
400.576	93.623029666667
400.576	97.615800333333
400.576	112.2978585
400.576	80.299671116667
400.576	76.91564305
400.576	111.072389
400.576	62.005134098333
400.576	69.881763016667
400.576	53.486615616667
400.576	86.010542883333
400.576	71.763614016667
400.576	70.446427333333
400.576	82.1171032
400.576	91.748205666667
400.576	90.956054333333
400.576	108.53486383333
400.576	103.7311208
400.576	83.1227563
400.576	92.8346615
400.576	91.578332383333
400.576	68.788205883333
400.576	60.341651
400.576	80.6797393
400.576	72.9128615
400.576	92.649901333333
400.576	83.6559615
400.576	85.101248333333
400.576	91.8152315
400.576	55.087256466667
400.576	53.958914733333
400.576	53.588572666667
400.576	73.875596216667
400.576	54.2702995
400.576	43.66650735
400.576	46.963505833333
400.576	51.829270666667
400.576	48.342476116667
400.576	50.6688616
400.576	67.5331218
400.576	69.6379965
400.576	46.2618425
400.576	58.320454833333
400.576	64.192334
400.576	76.130660383333
400.576	93.7962986
400.576	121.854535
400.576	89.203129666667
400.576	98.256747316667
400.576	92.971875666667
400.576	101.75761483333
400.576	85.059927
400.576	65.618155583333
400.576	60.743701016667
400.576	53.09545965
400.576	60.459902683333
400.576	101.46063765
400.576	96.555919333333
400.576	68.001044666667
400.576	79.77598225
400.576	106.664612
400.576	104.89973096667
400.576	69.07885405
400.576	84.71470815
400.576	72.8347125
400.576	82.324395216667
400.576	92.554728166667
400.576	83.835310666667
400.576	78.781380666667
400.576	78.931498333333
400.576	80.272323333333
400.576	95.18259855
400.576	89.417508448333
400.576	95.191163466667
400.576	79.208909533333
400.576	74.050299916667
400.576	68.765379333333
400.576	79.206938
400.576	99.079416166667
400.576	72.6018385
400.576	82.193294
400.576	90.703349666667
400.576	62.475352016667
400.576	65.714793666667
400.576	73.092460683333
400.576	70.6568699
400.576	74.9482065
400.576	65.511161833333
400.576	58.3087854
400.576	58.177562966667
400.576	75.638655083333
400.576	96.222009666667
400.576	127.510969405
400.576	110.81694983333
400.576	157.64799133333
400.576	115.41633806667
400.576	83.42413765
400.576	58.551695266667
400.576	53.842443166667
400.576	56.744520666667
400.576	64.806978666667
400.576	54.689628183333
423.036	89.775415166667
423.036	91.6995025
423.036	103.45961166667
423.036	86.201593333333
423.036	83.168033666667
423.036	87.205806666667
423.036	74.226560166667
423.036	62.931247666667
423.036	53.6250315
423.036	76.2879675
423.036	76.969985
423.036	83.516301333333
423.036	82.391976
423.036	91.641373833333
423.036	69.7716535
423.036	105.980345
423.036	70.018192016667
423.036	87.171181566667
423.036	88.490790666667
423.036	91.429017166667
423.036	89.85253565
423.036	92.098796366667
423.036	98.512118583333
423.036	104.30944716667
423.036	76.562014583333
423.036	70.2182201
423.036	64.710914566667
423.036	81.93921145
423.036	62.406618
423.036	50.995380883333
423.036	67.22485917
423.036	69.276136266667
423.036	58.349136838333
423.036	63.306544533333
423.036	66.521878166667
423.036	85.464193666667
423.036	88.896536466667
423.036	104.075734
423.036	91.59692345
423.036	80.931443
423.036	82.5928265
423.036	83.253321333333
423.036	73.764393833333
423.036	69.158400166667
423.036	93.051908783333
423.036	101.57900666667
423.036	84.554818166667
423.036	110.65131333333
423.036	86.706219133333
423.036	75.378195346667
423.036	55.3810156
423.036	65.7268578
423.036	81.566661
423.036	85.923810166667
423.036	100.5437165
423.036	88.769563166667
423.036	91.917517166667
423.036	105.960483
423.036	112.0524375
423.036	97.292218283333
423.036	85.84964
423.036	118.14548485
423.036	87.538897683333
423.036	51.7512298
423.036	52.031916833333
423.036	86.9512835
423.036	60.411955333333
423.036	84.301210416667
423.036	119.4619942
423.036	96.3338187
423.036	99.747603333333
423.036	71.52432865
423.036	97.277799166667
423.036	104.44918983333
423.036	106.0080107
423.036	115.36866633333
423.036	97.796418766667
423.036	113.19438835
423.036	118.00654016667
423.036	70.363987333333
423.036	68.307408166667
423.036	79.407975166667
423.036	65.2599505
423.036	68.500294333333
423.036	69.981092166667
423.036	58.0213839
423.036	84.477135133333
423.036	76.414617833333
423.036	76.578692
423.036	75.07539355
423.036	66.359993366667
423.036	80.74296155
423.036	101.40221666667
423.036	114.49253455
423.036	155.85000008333
423.036	121.37521533333
423.036	99.504673533333
423.036	106.68230516667
423.036	129.72501883333
423.036	97.133971666667
423.036	102.46298416667
423.036	97.960015333333
423.036	78.225462416667
423.036	98.02858465
423.036	75.95284975
423.036	85.420864816667
423.036	73.989929666667
423.036	88.732161666667
423.036	87.229170166667
423.036	90.781584833333
423.036	106.62609333333
423.036	61.643016
423.036	51.054917983333
423.036	88.856873616667
423.036	93.704236
