10.193361415
12.590366333333
19.19888582
22.9677957
21.732613316667
26.104439633333
25.81888416
31.065810336667
26.705105036667
29.489342833333
23.120179623167
22.224818783167
28.57801305
42.361857466667
40.236558516667
45.915826426667
38.8961756
36.282373166667
36.108346753333
43.243047183333
56.0508245
43.173891051667
52.411647333333
47.204006066667
77.593467333333
91.280395133333
102.270903
93.1094707
48.12397225
34.19131005
41.091138116667
57.778584766667
57.378300333333
70.220799283333
56.604254983333
84.066612333333
101.5211694
73.550667666667
89.34450275
70.173372133333
70.059083
67.135581716667
43.302309966667
65.180469466667
44.203190133333
50.329019425
67.651633926667
53.888126833333
66.708306316667
95.922520666667
99.365324666667
107.22671166667
112.4118805
74.325746615833
91.288718916667
104.90291471667
76.848878166667
104.170416
103.77243671667
73.56576638
94.327864433333
124.89851693333
133.64247911333
115.23909241667
134.4568875
135.71076666667
112.25335806667
76.513425916667
94.967401333333
90.1984175
81.878953533333
63.5933913
43.148300266667
84.704436333333
88.564089616667
72.322087816667
61.945115333333
89.2969365
83.683451333333
88.077583966667
86.726819833333
49.241041833333
39.885434
45.658960333333
58.177972696667
61.541524833333
78.22474255
80.538286816667
91.967800166667
67.528475166667
51.215503566667
56.287849633333
51.758768
41.987129666667
44.3527756
60.69586105
73.139439816667
80.618185666667
36.925108533333
57.967496666667
52.416477698333
67.51017036
88.272776533333
58.328449783333
74.760122033333
80.292337966667
62.450761833333
42.01869315
41.49688355
37.472492566667
36.091552066667
47.9748185
54.4248635
80.660074333333
53.265430583333
90.5832897
78.132128666667
64.65132045
73.548910951667
70.227757737167
56.965187961667
70.886388
95.69738
115.852123
62.577507333333
83.954006333333
64.95809565
56.659620793333
76.712033
107.089006
83.6060175
70.637251666667
78.465428666667
66.153303933333
47.421324333333
65.78810875
85.338654226667
62.955622
45.4748382
54.224854
88.777002016667
89.575565266667
75.230278933333
91.275858666667
62.373758253333
65.814527333333
76.179296
62.178762
80.976805833333
77.08325845
79.436891
64.119277833333
72.084528
68.670855166667
73.43814298
75.729398566667
107.32537683333
95.905051
61.405894166667
63.465621666667
79.8012115
105.7456185
81.662207
69.924532483333
60.320011316667
56.3191323
59.103933833333
70.132449166667
58.337833833333
85.792234408333
73.06502325
88.23402686
92.97331915
124.2303925
95.332859666667
131.36112
109.96850216667
124.25945483333
85.061890833333
110.48599016667
113.66413216667
84.03490365
98.808048166667
90.808967333333
89.384088716667
91.98267655
90.335538
68.745938666667
64.529308233333
53.095953366667
67.1507913
85.013505166667
38.398420346667
43.728939483333
34.4791001
58.938792065
47.357720666667
41.978068066667
42.6962945
37.2387376
34.137673383333
47.767312083333
78.07750935
87.072258
84.608497
79.128871166667
84.5116996
67.0283555
70.924872166667
99.803733633333
87.548854166667
68.597861333333
63.1502065
64.937240933333
48.318384465
58.894268566667
53.607225466667
85.173900333333
78.346883933333
58.608973609667
45.575813105
45.209028566667
56.28668
48.499748166667
75.866991833333
75.065307096667
84.344998833333
70.472748018333
40.607436183333
46.994517696667
62.029325
66.83461785
62.472760133333
69.245531333333
49.765367133333
37.185943983333
40.310428883333
36.779640783333
32.410330666667
36.925220683333
37.078366883333
50.088986783333
70.304052
58.973344366667
53.398708833333
65.314757366667
55.389832166667
49.428309833333
75.217571333333
76.9234614
78.787884083333
87.174399666667
98.088229733333
76.802302316667
63.362348333333
59.577151166667
57.3381011
65.406244033333
71.369099333333
75.875462866667
74.1598885
94.473175833333
78.669347666667
97.457663333333
89.3899285
77.2181524
59.61647255
73.38255615
75.638960333333
71.560897333333
102.480428
90.648114666667
86.885820333333
56.913938516667
51.23686895
83.255500728333
77.812445573333
80.726407946667
68.576736833333
81.434613916667
90.3422105
63.553820983333
75.52289525
82.500490666667
76.445626166667
76.002488304667
77.4110915
94.56505586
83.422344333333
86.849183666667
91.656998166667
103.62318416667
94.143900183333
85.530225166667
67.119783166667
77.338417616667
67.544485916667
65.135174766667
70.5956125
69.805792916667
63.185603333333
92.944650333333
91.4693665
92.4402883
68.8531
78.8826463
123.457316
110.293386
87.931386333333
103.88256216667
120.86548333333
99.085669883333
92.435718966667
121.09626866667
68.812903745
67.898802
40.264902966667
67.454623833333
77.87255155
65.12577965
81.5421735
68.379653333333
78.092033466667
84.584969583333
92.340816666667
66.376374866667
75.202118333333
95.213677
63.5025015
92.238574333333
73.599079666667
56.067708116667
79.050111833333
92.503930666667
58.355451683333
65.35798488
69.744226216667
62.2698698135
55.510220533333
81.298170166667
113.973999
97.436331246667
90.587612166667
91.183358166667
124.89224245
100.20391155
68.173099933333
42.004479355
61.671708273333
49.22063774
59.548943166667
75.902399016667
82.642073166667
73.964384533333
64.558116333333
55.388040245
74.190070233333
71.560627166667
70.901562938333
72.923087633333
47.100479166667
49.138856566667
68.138633333333
73.516720166667
91.970724166667
78.402766
73.4060755
73.521338483333
87.868326716667
107.95670261667
89.795675833333
51.521910116667
66.369990883333
55.493356
66.958245283333
57.151444166667
66.13163715
73.1505945
80.593495766667
83.7001033
97.240089338167
114.98673967633
82.96211865
95.521939333333
65.160060833333
73.68681205
61.193070733333
74.669717483333
46.30658333
33.67021065
32.605033983333
46.433713605
45.261907936667
50.54375015
47.843525666667
54.497640933333
51.983469366667
74.113016625
64.687724683333
62.450438773333
74.81718291
81.966632136667
100.01132486667
94.822988
75.612973166667
89.208386733333
91.059030666667
109.8278405
87.856101333333
69.6598563
65.379035921667
55.054807916667
51.790779166667
63.077286516667
73.853649783333
75.650387
74.8669605
85.653089166667
53.707053516667
58.126284548333
76.915513666667
54.457550333333
45.863924116667
32.264998183333
41.810974666667
52.179786833333
58.883070166667
40.3053945
40.43994235
35.811423963333
31.092677616667
45.061928133333
53.312473155
59.246852666667
63.1435945
57.995977366667
56.235698666667
79.395889883333
97.006301903667
106.0855135
109.78966103333
122.897718
55.182250033333
67.24709675
62.043402666667
56.367939916667
43.081944333333
73.856232066667
56.947345188333
60.648050618333
53.90751325
81.766427666667
58.831313038333
71.503172543333
83.240688
101.520453
111.68222633333
114.28136716667
57.389546816667
47.033378458333
58.2230948
53.854778033333
67.973800633333
91.0890223
113.08180255
104.07680583333
101.22961033333
78.538542983333
71.273950333333
104.648615
74.410060833333
68.0109485
53.052824166667
48.771932166667
48.772253745333
45.00813595
51.547974283333
46.95504178
40.337255656667
56.5389168
71.124187333333
87.04528181
56.927255716667
63.575666266667
53.980667516667
56.846116283333
46.6717203
52.2197573
51.566908666667
76.3805377
80.9832755
55.729587333333
84.741077386667
87.196061
96.291405833333
100.38460888333
67.598067333333
81.33853185
69.794266716667
103.49463206667
81.7765745
89.873177668333
61.4550907
60.121874483333
59.3569229
66.770233333333
57.98840945
53.41514684
68.784781466667
65.228937866667
57.635680666667
67.256784416667
104.10145008333
68.681350333333
53.041859333333
42.6911907
58.284078186667
85.535363
85.670347666667
52.0986958
56.601932973333
45.057074111667
69.697145502833
81.524653666667
52.6112377
55.955121333333
49.926324666667
51.723073771667
68.40393825
119.32712566667
101.30455666667
78.136282
96.2775525
92.614532333333
90.978791083333
59.890011066667
48.088268233333
58.014208166667
50.811775475
72.204475333333
75.613985166667
72.28069484
75.579692893333
106.61703083333
111.00692216667
64.388944433333
45.731099066667
81.3835933
81.948401566667
80.151252166667
57.201481716667
54.320430016667
56.034281345
50.255166833333
45.84941615
53.329223666667
62.2984564
56.885189333333
59.838582583333
53.363419666667
88.6341865
94.0645775
88.714888166667
84.9628657
74.304433116667
57.1596272
75.507049666667
115.5567425
126.024011
111.74869783333
108.41779233333
117.785393
115.9639625
91.4678789
68.098782166667
66.674301566667
91.085319233333
71.39451065
81.863410166667
85.352476
96.2114775
97.6260305
136.97278616667
93.866477666667
84.1342075
109.7142655
95.361080188333
119.7959555
113.16605333333
156.8265705
150.33679866667
145.84817833333
174.8164625
115.69875283333
109.56921866667
145.99586516667
119.059687
82.011921166667
89.823305833333
91.149117
78.809094166667
88.49912976
74.796391283333
71.051750333333
72.342674716667
67.308779766667
78.575910883333
83.824731483333
90.638900066667
90.874572466667
95.171602
74.763410333333
64.30597645
47.167417233333
68.133844133333
71.590932833333
103.05095205
97.283157183333
52.927168833333
54.476916666667
53.860954383333
49.359153333333
62.421431
58.69659755
62.96144798
66.8891295
52.028187466667
46.969713
66.42089556
60.770492333333
59.908301333333
53.63718275
63.0300935
84.02681
88.414360666667
82.3594625
104.132647
90.356304
102.9324805
85.203257333333
77.1766062
88.309303
82.624470166667
76.1001035
103.2348595
101.056207
81.455237333333
92.449069333333
90.949786883333
81.5499355
89.805637116667
74.869247466667
65.0290533
94.196225666667
112.98354616667
109.43724473333
95.442035166667
108.26005316667
90.35894575
84.9692005
86.940458166667
132.44871491667
88.765060216667
105.28685858333
115.25044183333
94.948769333333
106.02462925
103.74090706667
96.074022333333
95.388078616667
50.918643456667
49.7188414445
43.613308513167
68.533856183333
52.111885965
53.598831316667
54.303127166667
55.691555333333
53.800179683333
59.029909085
65.343257266667
85.27081122
54.608587316667
93.357422866667
93.593364333333
93.381545333333
79.740534983333
76.779524283333
84.456962666667
61.36338325
70.630882
72.13428785
52.550917746667
65.157306333333
79.537631733333
44.448876403333
31.264298283333
46.907502383333
61.735838756667
65.57069689
54.021163133333
56.436676166667
69.479942623333
80.702764166667
106.47358753333
69.478347441667
79.223234
71.886440166667
58.949334466667
60.123435833333
76.1307514
96.658733833333
91.4713925
76.387110333333
64.969835666667
63.98089545
69.974497666667
68.645656333333
81.139720166667
89.153556833333
83.998980333333
85.002266423333
67.103950333333
85.672328666667
74.509231666667
110.80390433333
94.083178
70.148932166667
81.639115333333
62.3896465
45.487878335
53.330079666667
81.304379216667
52.076000833333
70.41201952
66.939179068333
93.711294555
91.887903333333
87.275001233333
82.625170583333
71.851471333333
62.509369666667
56.274581333333
48.975470183333
68.037339183333
82.332516515
94.1824025
84.4842085
63.735258671167
77.566623083333
88.680102833333
85.962202016667
80.981141366667
84.167328858333
82.49156695
73.179291591667
73.864568883333
90.68656
100.90437366667
99.321798568333
105.47015390167
90.0714352
107.59193256667
90.616193833333
77.836641971667
82.1286927
118.07370093333
94.6725215
80.5634525
82.906484166667
107.90364833333
86.708491783333
76.036584666667
75.511956666667
99.7121495
121.70803666667
127.35289383333
120.44827
84.809440883333
102.74151215
107.83419783333
95.253466818333
89.763655
98.066195166667
92.7752655
82.338888666667
117.05528516667
135.95631
145.3926065
114.19263690667
103.62220356667
104.23552766667
85.864338393333
76.00136236
79.5596386
96.251054166667
93.475614666667
90.344359666667
96.807713666667
90.215134666667
81.493853735
75.5833547
85.770014966667
84.568078383333
98.161632166667
104.11659583333
106.877283435
117.34374266667
96.606950166667
109.22314483333
95.058429166667
139.9075043
127.43529283333
131.36470816667
92.566850551667
77.77234966
99.6645495
91.166922166667
78.820673733333
70.878875
68.728020466667
66.600824333333
97.412076166667
116.9386221
111.94407676667
111.95156183333
90.0770925
74.924235
74.584921
95.754085333333
122.21883172667
111.00414174167
113.30757
89.8055885
103.909039
122.2748765
132.21136433333
89.4807905
99.247335166667
88.258504166667
109.61634983333
95.59792502
100.09953522667
63.9819343
70.586949988333
60.347918166667
66.222099333333
63.4813125
56.25885445
65.796406066667
68.525482833333
68.452628383333
70.5254015
86.443173
97.423434666667
103.38157816667
115.09259033333
122.63489291667
117.87960416667
88.421425058333
67.54227985
74.337405
111.70517074667
115.38871533333
94.0324143
119.34907873333
147.5313055
158.77829
121.06687
92.046949666667
90.9890965
92.521314666667
102.6222595
96.054139
100.502279
74.2156625
77.65780595
79.49474735
100.83356533333
98.032844416667
99.096510166667
88.999813166667
71.403697916667
80.761352833333
71.281347666667
96.465935
93.848604573333
89.775057333333
89.368979133333
76.717378283333
80.978565816667
90.6951788
97.465825666667
65.35608275
74.094874333333
71.879738083333
57.47328315
74.343173033333
79.350063556667
68.453695347
70.0491517
53.270943066667
64.939899816667
65.626920166667
86.193456683333
92.410123
90.3003955
85.81591405
71.043847833333
100.01927083333
117.25733433333
111.153975
90.059288166667
88.980120366667
82.099894016667
95.3170926
97.677262333333
135.31258845
134.20513
151.48420036833
122.817442
112.41452783333
102.96617266667
115.66910183333
100.0706295
111.85240483333
110.29937
106.35339783333
90.993888333333
129.09475316667
153.64117333333
113.97833458333
123.6210635
118.471774
112.64301
96.326514666667
92.686666066667
88.243590666667
63.341788976667
70.376438066667
101.204000655
86.074114833333
84.781831333333
116.843994
111.19074166667
133.98150433333
80.843975466667
74.1491095
75.578560166667
77.902436795
105.4190247
136.39136053333
119.782003
77.267102833333
102.52700266667
93.971840065
74.979143031667
70.736885716667
75.102084666667
101.45628933333
71.803794783333
77.72368495
107.05275966667
118.06790466667
109.46471
128.41005816667
118.993166
91.0145818
116.175726
119.23840483333
105.70979666667
96.4263445
82.439731333333
97.375886735
85.639732833333
74.329668633333
94.421893133333
121.47896516667
135.51856766667
110.56138166667
92.926724833333
103.95331283333
124.940747
76.219293983333
74.193748166667
54.109334716667
77.794531766667
71.845501333333
69.560855683333
68.113802333333
75.070548166667
83.026116
98.9517527
95.911754833333
115.68242683333
136.03925343333
120.57582183333
124.58619796667
121.42653141667
83.079175166667
