52.4826
131.491
139.046
139.046
139.046
139.046
139.046
139.046
139.046
139.046
139.046
153.291
153.291
177.378
177.378
177.378
212.181
212.181
212.181
212.181
212.181
212.181
212.181
212.181
212.181
295.856
295.856
300.429
300.429
300.429
300.429
300.429
300.429
300.429
300.429
300.429
300.429
300.429
319.782
319.782
319.782
319.782
319.782
319.782
319.782
319.782
319.782
319.782
319.782
319.782
319.782
319.782
319.782
319.782
319.782
319.782
319.782
319.782
319.782
319.782
319.782
319.782
337.551
337.551
337.551
337.551
337.551
337.551
337.551
337.551
337.551
343.226
343.226
343.226
343.226
343.226
343.226
343.226
343.226
343.226
343.226
343.226
343.226
345.983
345.983
345.983
345.983
345.983
345.983
345.983
345.983
345.983
345.983
345.983
345.983
345.983
345.983
345.983
345.983
345.983
345.983
345.983
345.983
345.983
346.577
346.577
346.577
346.577
346.577
346.577
346.577
346.577
346.577
346.577
346.577
346.577
346.577
346.577
346.577
346.577
346.577
346.577
346.577
346.577
346.577
346.577
346.577
346.577
346.577
346.577
346.577
346.577
346.577
346.577
346.577
346.577
346.577
346.577
346.577
346.577
346.577
346.577
346.577
346.577
346.577
346.577
346.577
346.577
346.577
346.577
346.577
346.577
346.577
346.577
346.577
346.577
346.577
346.577
346.577
346.577
346.577
346.577
346.577
346.577
346.577
346.577
346.577
346.577
346.577
346.577
346.577
346.577
346.577
347.405
347.405
347.405
347.405
347.405
347.405
347.405
347.405
347.405
347.405
348.66
348.66
348.66
348.66
348.66
348.66
348.66
348.66
349.592
349.592
349.592
349.592
349.592
349.592
349.592
349.592
349.592
349.592
349.592
349.592
349.592
349.592
349.592
349.592
349.592
349.592
349.592
349.592
349.592
349.592
349.592
349.592
349.592
349.592
352.217
352.217
352.217
352.217
352.217
352.217
352.217
352.217
352.217
352.217
352.217
352.217
352.217
352.217
352.217
352.217
352.217
352.217
352.217
352.217
352.217
352.217
352.217
352.217
352.217
352.217
352.217
352.217
352.217
352.217
352.217
352.217
352.217
352.217
352.217
352.217
352.217
352.217
352.217
352.217
352.217
352.217
352.217
352.217
352.217
352.217
352.217
352.217
352.217
352.217
352.217
352.217
352.217
352.217
352.217
352.217
352.217
352.217
352.217
352.217
352.217
352.217
352.217
352.217
352.217
352.217
352.217
352.217
352.217
352.217
352.217
352.217
352.217
352.217
352.217
352.217
352.217
352.217
352.217
352.217
352.217
352.217
352.217
352.217
352.217
352.217
352.217
352.217
352.217
352.217
352.217
352.217
352.217
352.217
352.217
352.217
352.217
352.217
352.217
352.217
352.217
352.217
352.217
352.217
352.217
352.217
352.217
357.698
357.698
357.698
357.698
357.698
357.698
357.698
357.698
357.698
357.698
357.698
357.698
357.698
357.698
357.698
357.698
357.698
357.698
357.698
357.698
357.698
357.698
357.698
357.698
357.698
357.698
357.698
357.698
357.698
357.698
357.698
357.698
357.698
357.698
357.698
357.698
357.698
357.698
357.698
357.698
357.698
357.698
357.698
357.698
357.698
357.698
357.698
357.698
357.698
357.698
357.698
357.698
357.698
357.698
357.698
357.698
357.698
357.698
357.698
357.698
357.698
357.698
357.698
357.698
357.698
357.698
357.698
357.698
357.698
357.698
357.698
357.698
357.698
357.698
357.698
357.698
357.698
357.698
357.698
357.698
357.698
357.698
357.698
357.698
357.698
357.698
357.698
357.698
357.698
357.698
357.698
357.698
357.698
357.698
357.698
357.698
357.698
357.698
357.698
357.698
357.698
357.698
357.698
357.698
357.698
357.698
357.698
357.698
357.698
357.698
357.698
357.698
357.698
357.698
357.698
357.698
357.698
357.698
357.698
357.698
357.698
357.698
357.698
357.698
357.698
357.698
357.698
357.698
357.698
357.698
357.698
357.698
357.698
357.698
357.698
357.698
357.698
357.698
357.698
357.698
357.698
357.698
357.698
357.698
357.698
357.698
357.698
357.698
357.698
357.698
357.698
357.698
357.698
357.698
357.698
357.698
357.698
357.698
357.698
357.698
357.698
357.698
357.698
357.698
357.698
357.698
357.698
357.698
357.698
357.698
357.698
357.698
357.698
357.698
357.698
357.698
357.698
357.698
357.698
357.698
357.698
357.698
357.698
357.698
357.698
357.698
357.698
357.698
357.698
357.698
357.698
357.698
357.698
357.698
357.698
357.698
357.698
357.698
357.698
357.698
357.698
357.698
357.698
357.698
357.698
357.698
357.698
357.698
357.698
357.698
357.698
357.698
357.698
357.698
357.698
357.698
357.698
357.698
357.698
357.698
357.698
357.698
357.698
357.698
357.698
357.698
357.698
357.698
357.698
357.698
357.698
357.698
357.698
357.698
357.698
357.698
357.698
357.698
357.698
357.698
357.698
357.698
357.698
357.698
357.698
357.698
357.698
357.698
359.554
359.554
359.554
359.554
359.554
359.554
359.554
359.554
359.554
359.554
359.554
359.554
359.554
359.554
359.554
359.554
359.554
359.554
359.554
359.554
359.554
359.554
359.554
359.554
359.554
359.554
359.554
359.554
359.554
359.554
359.554
359.554
359.554
359.554
359.554
359.554
359.554
359.554
359.554
359.554
359.554
359.554
359.554
359.554
359.554
359.554
359.554
359.554
359.554
359.554
359.554
359.554
359.554
359.554
359.554
359.554
359.554
359.554
359.554
359.554
359.554
359.554
359.554
359.554
359.554
359.554
359.554
359.554
359.554
359.554
359.554
359.554
359.554
359.554
359.554
359.554
359.554
359.554
359.554
359.554
359.554
361.124
361.124
361.124
361.124
361.124
361.124
361.124
361.124
361.124
361.124
361.124
361.124
361.124
361.124
361.124
361.124
361.124
361.124
361.124
361.124
361.124
361.124
361.124
361.124
361.124
361.124
361.124
361.124
361.124
361.124
361.124
361.124
361.124
361.124
361.124
367.133
367.133
367.133
367.133
367.133
367.133
367.133
367.133
367.133
367.133
367.133
367.133
367.133
367.133
367.133
367.133
367.133
367.133
367.133
367.133
367.133
367.133
367.133
367.133
367.133
367.133
367.133
367.133
367.133
367.133
367.133
367.133
367.133
367.133
367.133
367.133
367.133
367.133
367.133
373.458
373.458
373.458
373.458
373.458
373.458
373.458
373.458
373.458
377.526
377.526
377.526
377.526
377.526
377.526
377.526
377.526
377.526
411.409
411.409
411.409
411.409
411.409
411.409
411.409
411.409
411.409
444.186
444.186
444.186
444.186
444.186
444.186
444.186
444.186
444.186
444.186
444.186
444.186
444.186
444.186
444.186
444.186
444.186
444.186
444.186
444.186
444.186
444.186
444.186
444.186
444.186
444.186
444.186
444.186
444.186
444.186
444.186
444.186
444.186
444.186
444.186
444.186
444.186
444.186
444.186
444.186
444.186
444.186
444.186
444.186
444.186
444.186
444.186
444.186
444.186
444.186
446.999
446.999
446.999
446.999
446.999
446.999
446.999
446.999
446.999
446.999
446.999
446.999
446.999
446.999
446.999
446.999
446.999
446.999
446.999
446.999
446.999
446.999
446.999
446.999
446.999
446.999
446.999
446.999
446.999
446.999
446.999
446.999
446.999
446.999
446.999
446.999
446.999
446.999
446.999
446.999
446.999
446.999
446.999
446.999
446.999
446.999
446.999
446.999
446.999
446.999
446.999
446.999
446.999
446.999
446.999
446.999
446.999
446.999
446.999
446.999
446.999
446.999
446.999
446.999
446.999
446.999
446.999
446.999
446.999
446.999
446.999
446.999
446.999
446.999
446.999
446.999
446.999
446.999
446.999
446.999
446.999
446.999
446.999
446.999
446.999
446.999
446.999
446.999
446.999
446.999
446.999
446.999
446.999
446.999
446.999
446.999
446.999
446.999
446.999
446.999
446.999
446.999
446.999
446.999
446.999
446.999
446.999
446.999
446.999
446.999
446.999
446.999
446.999
446.999
446.999
446.999
446.999
446.999
446.999
446.999
446.999
446.999
446.999
446.999
446.999
446.999
446.999
446.999
446.999
446.999
446.999
446.999
446.999
446.999
446.999
446.999
446.999
446.999
446.999
446.999
446.999
446.999
446.999
446.999
446.999
446.999
446.999
446.999
446.999
446.999
446.999
446.999
446.999
446.999
446.999
446.999
446.999
446.999
446.999
446.999
446.999
446.999
446.999
446.999
446.999
446.999
446.999
446.999
446.999
446.999
446.999
446.999
446.999
446.999
446.999
446.999
446.999
446.999
446.999
446.999
446.999
446.999
446.999
446.999
446.999
446.999
446.999
446.999
446.999
446.999
446.999
446.999
446.999
446.999
446.999
446.999
