9.5488033333333
10.671365383333
15.175048683333
15.4880745
14.578180666667
16.62831685
20.56629205
24.533001516667
21.670040666667
17.960922333333
18.5375894
23.311513216667
25.7152003795
21.3304144
20.6652795
27.905266833333
28.928185783333
28.945655333333
27.821351583333
22.544506166667
21.050999
21.64770005
22.31312165
25.519535466667
41.374643666667
42.7017995
29.100967033333
29.795049866667
34.230108333333
34.9046455
46.341095666667
53.581208
42.752873333333
39.133840683333
47.996981716667
53.542819683333
50.047197833333
46.876440266667
43.250997633333
45.626917383333
43.9498445
35.691803816667
35.752869366667
40.4979095
42.519348916667
27.908179583333
39.045512916667
38.995729616667
32.1099865
33.993308856667
34.115566166667
31.906772833333
32.138165
31.947658185
34.618640035
29.313061833333
35.501422583333
42.1627105
34.568259316667
28.186725433333
23.933170995
25.007940195
20.748776533333
28.605206516667
25.604188916667
19.273770816667
32.937793933333
19.558405833333
24.964374666667
23.5642469
28.25751555
37.546776316667
32.007786833333
35.390875
39.565009483333
32.897045666667
44.291961
36.183769666667
43.762638833333
40.9111474
42.348135083333
39.4425781
35.973910083333
43.496026716667
42.666906916667
39.383868416667
40.770680766667
42.683189266667
33.543898416667
36.837904033333
42.439873166667
43.418278316667
35.125698416667
42.4273618
37.120202183333
40.897290083333
43.203996183333
53.796293166667
50.24937535
50.495288
42.462767666667
55.975217833333
37.66025725
32.350902333333
31.97957125
33.068642666667
40.802511666667
50.603355
44.348799
47.360541666667
50.245165666667
33.955649833333
36.200143833333
44.166354
46.902221616667
33.47647445
50.031211683333
30.539387666667
45.632773458333
44.93508725
39.39742275
35.664089083333
30.079272566667
34.3223244
33.360615533333
34.941665116667
30.916106233333
25.884543796667
36.926428833333
32.071914383333
36.9576815
31.5248705
27.807631966667
27.556239833333
29.36924525
32.3065585
25.6318389
29.4273031
30.0680295
26.26727341
32.5220812
33.454001933333
25.338821166667
35.439250866667
31.668362516667
33.261335116667
40.910871666667
32.539625666667
34.412609666667
30.002651516667
28.3460015
22.037099283333
35.68312125
33.0121635
53.631375
53.731609333333
44.069750166667
35.623153666667
40.7918065
47.262905
37.6132995
38.169444833333
44.136230598333
44.378890716667
53.219655316667
53.113501433333
44.256203
36.106466783333
34.597798383333
32.870104133333
50.507851166667
41.563050833333
43.780156166667
37.0717699
29.603069216667
24.8138343
24.161545833333
28.861286
41.394688583333
41.4506965
57.06769
44.752073333333
44.083751066667
44.139546066667
36.766099833333
43.7121375
46.521707216667
46.250074666667
45.677297833333
30.1660572
35.289964666667
43.391032066667
36.96035565
42.015751833333
39.688303666667
35.040568833333
35.0746116
31.365850416667
36.997088655
37.057049988333
31.211058666667
42.474792833333
40.245384666667
35.980400116667
35.9560105
38.824793
44.701731
38.119793483333
34.386532633333
33.045849166667
30.197934833333
36.618534316667
39.990061666667
35.041790316667
31.617584666667
39.991432233333
39.212126333333
50.113391033333
48.390547333333
54.9413995
48.854444566667
48.419182716667
46.0792713
68.225962333333
80.009173116667
36.25957505
41.36199675
35.6072019
40.1553062
43.880874
42.224923683333
61.314689133333
48.876541266667
49.085089333333
45.954299166667
40.149144666667
45.180679833333
32.341045833333
29.998604833333
37.261490333333
34.435936383333
30.706056466667
27.176909833333
34.954388833333
49.8882825
42.152809033333
37.826206933333
33.634255333333
35.603594483333
31.17585715
36.509905583333
40.561226833333
40.857945166667
40.502031016667
39.436776166667
49.396761
36.261889433333
32.890303666667
32.16871365
25.216299025
23.6166045
23.974649166667
28.930829434667
26.954736166667
34.151419483333
28.385042833333
27.928922566667
35.3568985
29.4704015
33.03878415
33.371033283333
32.240962916667
39.797785890667
34.1718722765
36.156507783333
24.132786081667
35.393846166667
35.55667215
45.85405886
48.42758825
46.9155755
39.311583666667
48.11688305
44.449357966667
37.44508755
34.725571766667
34.927588730333
27.8086501
34.392268733333
45.584074883333
40.74097355
35.4169595
37.322245333333
43.025171833333
59.0934437
43.434415466667
38.5221426
58.3513425
35.076661183333
36.885249923333
40.37618975
46.149325666667
56.513535833333
43.2962704
55.610617333333
49.485450866667
56.891921533333
52.5776527
59.2957745
56.49168585
43.350529666667
42.571401716667
41.913270833333
33.490543283333
40.0970512
47.224947293333
52.1703305
41.902774751667
44.7364714
38.972332933333
54.61873115
60.585192133333
59.0402985
58.105926183333
62.800405666667
50.065452166667
61.529825
50.019915483333
40.6284412
43.403751016667
59.0404435
55.284865
42.980944883333
40.846226
29.8886775
32.2091905
43.0824575
33.253876183333
44.120940638333
42.058257166667
34.988521783333
44.469540328333
40.046870483333
29.694437816667
42.606473833333
38.728419833333
48.431565833333
43.07357501
41.848968116667
35.084326333333
35.942050505
50.793689580667
40.364942166667
34.215237
38.008811333333
48.106438733333
44.986180016667
51.9451169
79.7322495
65.4542935
62.016782
49.9121444
55.845681166667
52.789306533333
60.66273265
60.085554833333
64.219275833333
43.63350905
41.630565533333
34.310013866667
50.760980416667
64.7375515
56.725032833333
59.221834333333
47.107722666667
55.553109
46.786586033333
69.289236166667
62.190770333333
54.6660282
45.243802833333
52.941386333333
41.160812
40.03072245
51.955096333333
49.25712515
54.620218483333
37.1901991
57.470995666667
43.272138333333
45.371477433333
33.727567583333
32.578955783333
43.822715
59.6699465
47.156851166667
49.774985666667
44.381273333333
61.2313152
50.2254608
61.53985745
82.776591833333
54.012329333333
57.7157995
45.502349833333
34.99734815
52.095464816667
53.02742805
57.188265066667
61.586509633333
46.8248855
54.523724166667
38.535163783333
43.466955
39.01751
41.085201243333
33.6391768
42.348803356667
43.0218609
45.364733133333
51.550243833333
45.048257666667
43.004516883333
68.563080166667
72.1513275
60.937257205
55.45411075
52.737747983333
33.334098733333
41.851933333333
36.341687166667
49.039070833333
46.988007073333
48.857971
41.082923
37.597945666667
37.568022016667
45.747578666667
54.0410805
46.338251566667
39.477298366667
37.334469616667
33.989237616667
42.22379515
37.9067595
39.775303143333
30.2479875
37.357687116667
56.988217333333
47.224926433333
49.5673937
49.948684166667
40.90999455
42.100259166667
35.310752333333
39.9816161
28.753391516667
27.054558083333
37.2861474
33.720928666667
34.47090135
38.465848333333
54.748688116667
38.3867157
40.319439066667
39.246070766667
43.22661515
32.29105255
36.9703335
56.844824933333
62.5380296
45.3821045
38.702012516667
44.769023666667
52.145941666667
65.078084
48.199200516667
67.342745
61.1535075
43.75266345
33.742763033333
44.5619287
49.974185733333
75.306705666667
65.9211971
41.318109633333
55.797063783333
53.9129285
57.89862935
52.4306909
52.684934616667
46.62688655
63.57291625
67.383732883333
63.071967333333
49.670246833333
42.200179333333
48.8985835
42.276997
39.5683775
43.5717161
51.260429333333
38.829748166667
35.5075065
31.59576115
47.751199166667
57.699101833333
59.92645409
55.581822516667
53.426666666667
69.535012349833
56.3560871
42.383872
56.783400833333
52.822306333333
50.991533333333
42.086791833333
45.638429428333
47.020946166667
43.317454666667
49.2992904
46.723946316667
60.3292385
76.913742616667
47.058273766667
46.0455256
65.78083885
66.7707785
67.1776025
65.100665833333
57.897565166667
66.906256
53.902785833333
54.84493
48.939215466667
43.038202583333
52.3452295
47.446417166667
48.392141
56.170222333333
78.872799333333
72.540143333333
58.408047166667
51.392225666667
43.53336685
36.189621316667
34.657095333333
38.47975735
24.71993015
31.120170633333
54.86624
50.448772633333
41.194597366667
45.942041333333
47.71934715
48.347718166667
56.291028833333
69.950808166667
67.677571
56.8714357
66.0669145
57.079868333333
66.539242666667
63.946351466667
70.403119666667
66.9032095
81.6871635
88.674691333333
71.026130166667
53.783181033333
68.784312166667
58.06153135
57.169429633333
55.926191666667
50.17853305
49.449368666667
48.4458295
42.322011083333
42.476136166667
43.919851016667
36.942470716667
39.887715483333
55.7908845
65.644750833333
80.791836666667
65.434581833333
75.7496815
62.131333166667
56.7378805
53.8744311
69.719020333333
69.1600435
68.159053761667
54.0770225
66.430235133333
56.659464833333
49.23976914
48.456214366667
50.325244833333
56.817882166667
59.270763033333
52.482923266667
44.407433666667
55.323193966667
51.535756166667
78.30545195
81.498242166667
51.6029925
59.075694833333
77.6650795
56.817069166667
66.658276666667
60.177557833333
61.410704
63.758110366667
69.3994675
55.965587066667
86.334850333333
59.2578465
71.500408666667
57.1657667
51.866835333333
42.201608516667
28.902637666667
52.803510316667
52.160493533333
48.12321915
53.166018
65.079711
69.175340883333
57.6468955
63.735014833333
54.181893333333
37.707515666667
37.347687166667
41.721159833333
42.894432866667
47.6629025
63.488031391667
39.072022166667
35.407211733333
28.065115333333
31.040702666667
38.979829666667
35.906497333333
56.301463783333
74.652467833333
56.141658133333
54.7041139
68.629094833333
61.041213166667
53.422073666667
66.272977478333
57.478707166667
92.275553833333
72.544096166667
65.9461755
62.049682083333
51.248886366667
45.805163616667
40.680337133333
42.646453333333
49.517710366667
59.89154
50.401952
36.960540033333
37.841096233333
41.084468333333
41.084474516667
37.128704816667
48.808645166667
47.881994833333
50.548061615
45.77870325
58.5038428
50.93157424
49.280202033333
44.885882016667
52.897976333333
51.4712255
42.119778738333
42.791967833333
31.099389833333
44.256886
48.3707505
38.892646183333
45.210159
48.2855354
60.697980333333
69.539150316667
63.953060166667
69.4070535
60.778973166667
59.435061933333
55.242893333333
56.252402546667
67.205669963333
66.578824333333
65.034316933333
54.129539833333
54.1794185
50.492052833333
51.913384458333
48.810616666667
58.336455333333
47.8942095
47.683395166667
53.072661333333
48.916222833333
55.367820366667
42.505845833333
43.983616666667
45.842931916667
46.7282435
67.401779916667
53.0484404
60.3972457
52.470307833333
49.934629983333
53.07824235
54.522268816667
54.052657333333
56.65022145
41.832898733333
42.632784915
45.366555616667
51.123278483333
64.769915333333
50.518006466667
48.300511666667
50.0155685
55.40987265
45.067809666667
52.722688033333
78.993238833333
80.457224
50.72188925
50.3610654
58.427431333333
75.287357666667
48.555906833333
51.728717583333
78.5361099
67.578998333333
63.645811333333
57.764105816667
72.136070833333
48.134675
44.113457175
59.582486
71.15559815
64.870949966667
55.612708416667
67.436331
71.536885933333
59.0482156
60.315097616667
58.967145483333
67.953122183333
65.952873
67.341656166667
44.046389383333
47.269366083333
52.456698066667
41.041126516667
34.143400533333
43.887151816667
45.729713833333
53.690029833333
54.067741
55.105746166667
39.47202825
49.604467333333
52.263456883333
74.438440615
54.478221
58.317982666667
57.298336333333
37.403353333333
38.902613663333
52.379902
59.645163666667
49.740406791833
46.82695865
67.599018166667
56.709030166667
72.408121333333
69.639365333333
71.278631216667
62.1268085
44.929749833333
37.367266033333
46.258809983333
45.436587666667
38.371458166667
28.554979833333
38.51204415
41.85696245
41.103895833333
68.3474277
59.734549666667
50.306371166667
54.047371233333
50.456122738333
53.003753416667
64.9186345
62.252064666667
56.218310336667
66.523281955
57.679154333333
52.379849666667
48.2635565
44.37609215
64.837800166667
78.581232833333
76.3278126
60.6542344
62.584623633333
57.164133166667
60.190278916667
72.895019666667
59.34417
76.98275365
60.626056766667
54.554426166667
63.710925666667
54.406948833333
53.064274
42.905121466667
48.192299588333
54.96889925
51.4662685
41.215999666667
55.5625767
47.855589666667
52.4738025
51.485866183333
44.8067057
58.763921
37.386888243333
46.293496516667
57.193232916667
65.016871
57.94522905
56.452259833333
54.176285166667
48.030276666667
44.404262333333
45.979506083333
48.063741
61.3636785
54.1795485
45.481937166667
49.7739665
59.013015733333
35.25037735
40.902746333333
38.8501246
44.712030933333
50.2342505
42.233472956667
38.740233466667
35.594451
34.057747816667
43.132162166667
44.043994733333
53.628764466667
50.640276
58.164421978333
55.926148783333
61.844581483333
51.069618333333
62.806250766667
65.9443135
58.02293105
44.9612515
39.3432075
50.468761533333
39.935222666667
42.868244333333
43.339414666667
40.1690295
46.481810333333
62.631746216667
54.805351833333
59.435616833333
54.171126166667
53.18303658
59.323480833333
65.335487766667
56.943751833333
62.954363333333
66.0211815
49.182713333333
76.542518
57.308484333333
61.754222166667
72.250999833333
75.328070333333
56.858532166667
49.70740355
85.679287
53.548982666667
71.380601
46.3682039
62.988414833333
49.101744383333
62.704335166667
54.693328166667
47.03837045
57.210819333333
46.111402016667
50.132663666667
78.727594333333
73.872079083333
57.411783055
73.761865
61.845492333333
60.448665333333
48.83398325
49.022438166667
52.849167166667
52.92999015
53.72548455
50.179703333333
35.824022666667
39.986533933333
50.960050116667
46.44426875
53.956842833333
56.673270833333
67.791862166667
68.783187
61.59111625
81.385034833333
68.10773
79.989507666667
56.6521725
50.551402166667
59.709213666667
47.701205333333
48.071515166667
43.595963833333
46.430977166667
46.821754666667
48.020179166667
43.413571158333
55.134237683333
39.011722533333
43.413053833333
55.232189383333
67.520257333333
44.059718
49.394139833333
62.757190488333
61.245284333333
47.054009166667
53.73105945
48.368185183333
49.398773933333
55.88010905
48.225567666667
44.678217666667
28.2690585
41.834868683333
31.943316533333
40.2917286
53.303072666667
46.277764583333
68.668369666667
78.012606366667
59.907531
57.48002845
44.573216333333
46.530693083333
54.977220633333
43.9464565
48.660943333333
51.802776066667
57.923090916667
46.178620433333
55.8436755
61.872463833333
48.654260095
38.613597666667
43.0254855
30.274872
32.722239183333
42.834752183333
49.435216116667
47.618639833333
73.1722485
48.519271269833
44.937519
48.6116155
37.0878405
35.8070376925
37.6505716
45.700907616667
46.239953933333
51.665424398333
47.7081242
39.795586666667
45.2763605
43.689401
61.239100866667
65.489932333333
59.266610666667
50.54724455
38.797049646667
45.693016316667
42.039860066667
45.154772516667
47.432396633333
38.24805315
43.46492425
64.843723
51.996887833333
51.2520245
55.804639333333
43.313393476667
34.9349815
29.659509633333
42.213684783333
52.176355666667
39.021437491667
37.172639113333
49.373789333333
32.611631371667
29.441810183333
40.017821126667
35.99356035
43.452431366667
47.162258783333
46.381627
40.169235543333
42.571958983333
40.142569833333
33.313550183333
28.80870335
26.075032683333
29.403803866667
52.377843333333
35.504668316667
42.116551166667
27.3200935
32.313534333333
43.5216393
45.1014065
30.999574333333
30.539757071667
33.241151833333
35.397544116667
36.0048615
39.876809343333
40.66666794
41.989807153333
42.368745733333
54.665198333333
45.95258405
42.453634533333
66.149657666667
66.916727333333
70.861984
60.185627715
46.205051866667
53.139693183333
37.618261666667
37.9803899
44.117622
52.594764666667
54.246862166667
62.6255635
77.072097966667
75.003542833333
67.325142666667
59.717227083333
48.950663183333
65.051358315
62.801636173333
71.232823
55.548181833333
61.484989833333
51.451552566667
47.567237333333
42.826358516667
48.304226
48.3792358
45.753505333333
51.370479333333
57.990231666667
34.953807138333
43.600808683333
38.963775083333
37.21771515
48.9734077
46.968295
52.621188233333
40.8045377
36.04580315
43.5677361
53.744066016667
58.220728166667
40.152637
43.471366938333
47.894558630333
44.093118666667
56.330813983333
47.1788485
51.7785555
64.670700233333
66.83255035
78.175058933333
52.799919316667
52.1254735
56.976173166667
60.060521833333
69.730358483333
75.690811666667
53.983522833333
65.915734
49.512229333333
53.242432883333
49.81732295
43.802574083333
71.376836
64.734691166667
50.780001666667
48.403260833333
44.5368255
35.795109166667
53.426804866667
46.056626166667
48.709488856667
52.918951333333
59.655140333333
64.9574515
72.040927
83.2267085
56.007434433333
52.610422583333
61.952138166667
57.514124566667
42.921883166667
57.0319481
48.743874
39.399202416667
49.004311466667
69.7135193
49.577472516667
51.5519555
48.255171
48.43688863
37.729400166667
71.488871333333
73.199894166667
80.676631
69.902318766667
64.8620264
58.448911
63.977407
60.04347395
53.407181
46.4865415
36.684183666667
45.5781664
57.5991095
54.181337166667
44.137278166667
35.026981316667
41.764707216667
40.575394538333
33.701556083333
34.341905783333
32.456604583333
50.172913916667
55.131112716667
50.404458016667
55.4837124
60.334269833333
47.792626666667
40.252121383333
54.745918
47.745126533333
58.59858905
44.654682166667
38.358405
40.448853166667
59.520278666667
42.666525666667
39.050613666667
37.498343833333
38.016167783333
28.997812266667
42.937484406667
39.622925666667
52.240226166667
50.561686833333
40.986311833333
42.413617133333
35.782420666667
36.036937833333
48.354569666667
41.242943333333
55.985536666667
65.883639833333
59.443884833333
54.868711016667
62.81293575
51.53204265
51.92095755
48.015745833333
39.6870428
39.854558185
50.881282116667
44.585412516667
54.346306983333
45.528966
65.213085283333
38.650811441667
48.962664666667
58.879681333333
56.71706253
40.080557333333
40.845638333333
51.157057953333
36.909070266667
49.939552166667
58.687794833333
51.108005116667
42.343974333333
42.9266485
28.833006466667
58.153621583333
50.96521455
64.4483655
47.9280506
48.258037833333
51.7634646
38.4334025
47.537673
44.298669933333
46.33741815
42.310264516667
47.848916
45.002585833333
44.190540266667
50.818613933333
50.563353333333
55.674642
52.998995666667
50.7005055
38.510831
31.259430833333
40.39273225
39.736624916667
32.176356333333
48.886853166667
47.295444833333
46.43170385
38.28504735
49.535214166667
56.425636183333
55.219682083333
49.563805666667
43.473847333333
39.382589906667
46.7568525
56.141828166667
60.982427166667
33.906540333333
40.6528215
51.383836833333
56.072588743333
45.041012666667
48.6785975
41.352279666667
37.561178333333
34.777219203333
38.069930166667
37.379142
39.351812333333
55.994338833333
37.01436359
44.509439
56.9741985
29.771298916667
34.994352466667
45.837867666667
44.608552166667
51.623637166667
52.89168805
64.40672915
58.831868116667
44.97891165
39.559370566667
46.5941435
63.746179516667
49.4805805
53.325788666667
65.644395833333
57.754574333333
59.177826166667
39.221509666667
46.829169
40.9584425
49.3939665
41.272551
46.39140455
40.79940805
42.821561816667
40.189619833333
39.21334765
49.557826
40.772073083333
40.980199833333
49.254424333333
66.827813316667
63.678005033333
67.566626833333
55.0821715
67.606888283333
52.533227833333
63.0065775
72.451594166667
60.853909833333
59.83177283
54.7324337
53.879853083333
44.1676556
42.786103166667
38.698991311667
37.011403666667
41.793644166667
48.882341166667
37.309458133333
38.743653083333
54.555021333333
57.001332166667
50.443676166667
42.150883333333
50.763916
54.852438666667
56.948987666667
49.750747533333
39.320998166667
44.516364963333
36.365062833333
41.803663483333
43.378081
32.899862316667
36.951936883333
34.778958116667
35.539850333333
43.91887825
46.474533666667
48.069287016667
38.856734766667
42.166638116667
40.18459765
36.841994983333
52.517921275
36.121855533333
38.733535166667
40.18714775
37.835210833333
40.193422333333
54.595418
62.766219
64.745067333333
48.019439333333
52.981839166667
68.631150333333
74.118146
59.040012333333
51.738601
56.661621833333
49.022912333333
60.628967133333
59.479523316667
52.173131
56.180352616667
64.272923016667
60.274404
40.698454471667
34.474134316667
36.791673333333
34.965085833333
43.867192533333
45.529786666667
65.8972265
43.56727295
45.082404333333
31.922319833333
35.649350385667
38.028526333333
65.30097815
53.902748833333
45.914103916667
46.901648133333
43.8054647
37.703385316667
37.251220333333
42.860756116667
53.852041533333
33.934701333333
54.072842666667
50.899126366667
54.615089333333
48.921376166667
51.766700733333
40.721180333333
35.597918666667
45.192302933333
47.761579166667
58.3854195
55.294390666667
51.304778833333
64.87617
41.06997725
47.819929533333
56.77658072
39.523544833333
27.694049413667
33.462583666667
39.906682666667
31.42671855
62.628981333333
47.345170166667
55.787235333333
59.178254066667
62.171664666667
49.239184266667
49.7387733
38.506612416667
33.76314025
41.21645085
44.521282166667
53.621497333333
61.093759166667
43.0018059
46.030269816667
61.996689833333
53.6090504
51.557736666667
56.3357955
38.29644195
48.579457866667
40.723949833333
41.035474
38.5764665
57.345005666667
48.852708166667
43.424380635
52.908568833333
41.8468855
53.344461333333
72.892611333333
94.787789166667
54.179593366667
52.8617875
43.342916546667
41.6343461
44.209586516667
48.222862083333
45.449476833333
49.5855045
63.560669853333
53.900040833333
42.035820333333
45.595778041667
46.089699666667
35.887138333333
27.695135
40.987882
43.373985
41.5062945
36.385214166667
43.258484466667
38.59182085
38.529178166667
33.0591139
40.308257395833
33.488108333333
29.611339833333
30.6726327
33.433653866667
47.43558955
45.916592033333
36.598770666667
36.825827
43.928150433333
32.727210606667
32.1090142
47.7184741
41.036898333333
31.156544733333
35.18768675
40.546579283333
35.629326666667
32.70076455
33.794799333333
55.5586802555
41.735089166667
45.02693475
58.052232666667
50.443704166667
43.400615066667
49.010563766667
44.3612465
41.8062455
52.496511566667
51.1263365
47.395421833333
42.489247666667
45.794524266667
37.130734
41.41391425
40.740600416667
43.18860235
42.12534995
44.96881
40.236170833333
46.586279516667
41.85165695
42.768539133333
41.73952885
38.653023883333
46.545621166667
49.117264833333
53.32716025
50.550999625
41.705411166667
43.551863616667
52.2150055
46.356079333333
47.476591166667
42.115299733333
44.295516
48.013153666667
59.122525666667
50.7857858
37.602729
44.837482166667
52.493450666667
45.078133166667
49.238234
48.356004333333
47.767753333333
42.581522683333
50.277612033333
49.271359616667
59.742049666667
61.760225166667
66.786577833333
54.918553866667
51.465042301667
40.800781833333
41.932007666667
44.9532375
42.214374333333
34.475075666667
38.086325083333
40.9104145
39.654597333333
39.646378666667
39.65276495
32.784892166667
34.61647735
44.169093666667
34.876941466667
34.284249733333
32.2578915
39.42047855
43.7189053
48.668701666667
36.483030666667
40.310738733333
46.566739233333
45.069978266667
36.791030833333
48.458920966667
51.446946883333
47.66479525
38.3449703
54.451676468333
57.754719
48.99623935
58.754092733333
53.920099
45.287764666667
62.128486666667
62.27916675
41.470877
47.4907313
52.595626666667
45.795734483333
50.8827588
49.929134666667
63.016118948333
37.0551925
52.908601166667
41.708697633333
48.013162666667
45.43279631
49.209229366667
55.457479333333
68.59521015
65.10113595
55.033274483333
56.1172075
56.67625
48.823446483333
65.650641666667
59.0479349
44.483783833333
52.571202666667
46.4421786
46.7736915
35.598629666667
53.934051666667
53.476996783333
48.772187183333
64.315411
69.981461833333
73.7389785
56.016549833333
42.2664539
52.994651166667
58.117758466667
38.8149325
51.719622683333
42.23984455
42.038247333333
31.681390383333
38.92657527
49.935765
30.893243683333
38.4554135
22.431339416667
38.14342375
40.096441733333
47.75593775
46.812623866667
45.3065455
35.616414266667
50.208521466667
52.075729166667
42.282102233333
51.342487413333
47.402161411667
48.587117333333
47.28353655
46.397491666667
38.819347166667
73.373266033333
48.688195166667
43.373510666667
43.812446333333
39.244622516667
44.908903333333
39.9902345
43.806446216667
51.914008466667
36.6248878
39.871083833333
39.588399283333
44.138478815
29.900195283333
46.497878833333
37.789365333333
56.899150433333
45.96437315
35.78978145
51.176036166667
48.794953016667
41.093378056667
48.672215666667
51.108046316667
45.0949853
40.909746833333
53.874839666667
44.93321775
42.549646316667
46.850629666667
38.418953666667
39.075949403333
39.966389333333
38.2165705
48.512097666667
50.052587
35.3841035
36.642545833333
46.140446316667
40.499396183333
46.394492733333
22.367244666667
33.764474666667
27.436879833333
38.845732533333
38.952234666667
50.2335685
54.793909666667
53.884016816667
48.176486666667
48.613922166667
51.672969
37.4061814
39.294893233333
56.982655
57.531244333333
44.564585566667
52.928704383333
51.121347666667
59.254430833333
49.48334675
42.519569166667
50.455374083333
43.244968133333
45.824637793333
48.279533183333
61.311948033333
45.54417005
39.4342677
51.72515685
63.356419
47.439819816667
47.28635555
40.238957333333
39.678196433333
41.156760666667
53.11858785
53.499150333333
55.3810884
57.186091
55.225351
53.079753166667
46.311822833333
50.931095871667
49.409949833333
57.076019823333
49.784220078333
56.110938925
53.579907833333
37.4722019
34.212323166667
43.87736505
36.032744666667
44.64525472
33.009309333333
39.480010733333
38.324153833333
46.445033431667
43.08669825
33.0255645
42.627905616667
53.447492233333
39.860240833333
36.19608914
51.921637166667
49.4041445
56.134748966667
55.462299466667
46.411863
40.231401083333
44.80302695
49.162060666667
37.135054666667
38.008330366667
41.428693533333
34.3693715
47.134030333333
52.991314483333
39.11614305
40.964760933333
53.436336233333
61.047823866667
43.500256066667
57.103749366667
75.273816
52.2307345
43.706083683333
35.07297805
34.528234333333
34.825378483333
30.455817483333
42.921620283333
35.894453116667
28.729146883333
43.835935516667
40.30591065
32.288719666667
44.1887517
36.21951215
57.766114883333
57.024982033333
55.9232531
38.559528833333
35.943918050333
49.126823466667
41.0238093
45.024697483333
40.6943925
44.471259833333
47.515980333333
41.53542735
47.275111266667
37.089836333333
51.5820555
40.30968615
50.966366833333
43.121642666667
38.566253666667
38.9006181
34.963669483333
45.56551175
47.8977765
39.7877962
53.225858733333
49.842361666667
49.472843283333
42.5555876
52.436187833333
49.546946983333
33.213024583333
36.969044666667
31.98308295
33.429892166667
34.833142115
39.447208
56.5012835
42.490365666667
51.2817285
51.760503233333
54.723031
42.183611123333
62.471283766667
70.750204333333
48.1506935
51.878910666667
57.665806666667
60.5500712
45.584825833333
51.034684653333
44.880956833333
48.695285333333
58.545076233333
68.374604333333
69.577229833333
61.524431333333
55.770098116667
59.4193952
47.71117745
48.670609333333
49.22100615
56.793705796
38.3251045
46.989967816667
34.90427524
48.879429483333
36.256069833333
39.081034995
52.026582933333
47.13626535
51.3270688
37.463923
45.76358795
38.875759666667
40.73205485
51.697727166667
72.754261883333
62.807626416667
44.911784866667
52.8821454
34.227760833333
44.18573985
34.246321633333
52.384727333333
43.391912333333
59.022799783333
51.7210355
39.186288
48.401191666667
39.483670516667
47.686773183333
44.89799
61.176768333333
66.779135166667
65.077939166667
71.430422266667
54.2899565
43.726774183333
55.88875
64.183966116667
55.702924
71.731796
50.925988333333
46.428349833333
51.652411166667
66.10153545
59.361252166667
65.741431515
58.495329083333
32.367316166667
39.2685395
38.205733416667
41.0306665
43.971284666667
45.731551833333
39.643470933333
35.551469683333
32.3828775
47.9766165
38.670057166667
50.014514833333
47.3980695
42.52528
32.245415833333
29.801003333333
34.665402316667
43.540918833333
34.57792935
46.83738131
33.9171347385
49.50212355
46.242525
57.738398833333
69.301700333333
64.670545
55.272738483333
45.507289666667
59.209702763333
57.355470066667
43.775252583333
57.018244191667
38.091467346667
56.158186283333
41.383860673333
55.445248166667
77.439228666667
73.175543666667
54.371372696667
39.940119633333
38.010418866667
40.48489055
38.6035814
56.132145566667
37.649391833333
33.463227833333
40.122974333333
38.9086875
48.266835
56.764492295167
48.2192847
54.74611315
39.109462366667
36.98361775
34.994440166667
28.736356666667
43.465910466667
46.628434366667
58.1655
56.63058725
41.366837016
37.8422965
42.914708786667
41.411391
49.545213
43.65501
48.986211616667
45.3924002
40.092580146667
54.642081
49.612496833333
38.435114833333
46.516280833333
62.738460333333
48.469502
62.534471333333
69.806833333333
60.900861266667
74.842974166667
48.104740333333
37.684695733333
49.486939333333
55.565706716667
38.2469617
54.218199333333
67.030677603333
47.78788555
44.670015166667
53.672434333333
55.4974015
51.890859358333
42.3313745
56.113927616667
77.9983485
75.019833116667
70.547832683333
63.326957966667
60.381391
53.569334166667
64.794282091667
59.516887833333
49.540882333333
49.34091335
59.565933166667
65.8760955
51.705957666667
37.246213883333
55.539605083333
44.377267283333
51.373849616667
39.5439961
55.048226766667
46.439087833333
55.892387283333
48.17303635
43.193799958333
38.459022333333
34.360211333333
45.362044498
54.692934166667
38.017595566667
47.3601005
50.208391216667
49.301588722167
63.13178415
57.784465666667
62.939423
64.0010703
52.9758071
63.532313833333
67.85230575
62.672945333333
61.38198265
61.837968833333
68.5109755
56.156579
56.033071166667
68.552986166667
45.811736983333
49.348247245
50.640388333333
45.068306433333
65.021720666667
39.4975722
47.546734333333
33.7391395
37.554923166667
53.757028166667
46.912934
45.231879366667
50.905090766667
51.358585833333
73.017214
43.821750316667
55.1705363
47.398728
50.395445783333
52.463379980333
43.399032283333
53.071305083333
49.067678166667
52.43092
33.260784383333
40.372010983333
45.523598666667
62.623542333333
62.732147333333
55.750777033333
67.287811666667
59.7425345
44.6006395
42.266883316667
42.644206583333
43.014632883333
54.200033283333
43.733847333333
57.938892895
59.037475166667
56.7004326
62.2819416
53.217395833333
38.008918033333
41.7893265
47.988185
46.474978166667
45.91719875
46.940719666667
59.464443833333
55.443134166667
40.9837419
41.621233
36.432385533333
58.3507035
51.923611716667
48.929853183333
55.957989333333
39.3735995
37.042657333333
49.510337783333
54.437304333333
61.42713
49.213944833333
42.072137833333
38.752468683333
35.362838833333
27.260035511667
30.765538166667
48.1235015
38.952588885
41.72372175
35.148750916667
38.460396833333
47.13162775
58.565171333333
55.3790525
58.638091648333
50.201534065
77.751364966667
80.242952833333
66.852462666667
47.0337555
59.002684
59.063636366667
40.560165333333
40.5440715
43.417076516667
45.406660583333
49.349310166667
52.248565083333
47.979294313333
43.390375266667
49.600017666667
35.874853766667
43.064051333333
50.431486833333
54.95243385
55.336567666667
47.671453263333
49.119458
42.013624966667
39.44479125
29.65134855
36.725314928333
38.439629066667
59.047665016667
40.332512861667
53.614230416667
40.176481833333
43.753077316667
47.1353525
29.2549455
37.10869055
30.992480316667
41.26840165
43.367453
41.778173733333
49.833163166667
42.9882301
40.441614333333
48.164753166667
38.64483642
40.151973298333
30.184538781667
34.254995833333
48.689495533333
56.563731166667
60.385413833333
71.546942333333
55.380602333333
55.812930766667
44.5014753
45.830516175
46.186705833333
50.871735666667
92.221440266667
47.520841333333
53.422728833333
47.133427166667
42.944916816667
46.256399666667
49.129735
47.25117085
41.130076633333
41.929103433333
48.586575183333
59.22437975
63.106390623333
42.341627966667
49.528618433333
68.1064665
47.14323795
34.123551333333
55.437968016667
52.958663366667
55.038108266667
59.942346166667
61.918438166667
54.20404505
62.505996166667
41.095630941667
38.3042135
43.791495
44.580934183333
49.5142615
48.097881983333
43.912868333333
41.548688783333
36.558240166667
63.3354207
59.030574166667
45.1296989
45.713110656667
68.569217566667
56.7303955
58.42042495
74.013338783333
40.414520666667
59.81169115
48.1953752
48.315528646667
44.930962883333
73.827746766667
57.80414745
47.765581605
45.327985333333
36.234100666667
49.323422166667
48.286605
72.612013116667
87.7590265
72.019080166667
73.8265925
56.828812333333
61.773886118333
47.023541333333
57.021691733333
60.1393679
71.484127735
64.044187166667
50.3574345
57.601563833333
36.571403833333
44.205594333333
59.24071565
46.9775445
50.654225666667
53.35008921
37.469031166667
46.074319883333
47.253548766667
45.0456365
60.44781285
47.97326545
27.20814296
37.160898666667
42.351470333333
52.251277295
54.703231333333
81.1917755
51.718894166667
51.247602666667
54.810867016667
49.576909258333
51.863984833333
51.042659
48.309072483333
41.678560333333
32.297377083333
33.22978305
35.719219483333
37.610728766667
39.028428733333
55.70882385
71.8311645
59.1559896
58.916862733333
43.464840616667
32.155308966667
40.992495666667
38.376777483333
36.9915923
41.730768
42.512774166667
46.355556183333
34.1638552
56.22149165
56.0091945
46.623373566667
47.512841816667
41.686747533333
38.384996333333
30.2940144
36.086172133333
36.5789075
54.035039866667
46.9710475
54.696704166667
40.653761966667
50.612426
47.379677
44.768932
57.471835116667
45.797258833333
52.884780016667
57.55250535
60.675293666667
57.746874333333
60.558415
40.905188333333
37.7802842
37.26844545
48.25312245
53.7568545
52.738738766667
67.584044166667
55.779320655
49.129783683333
42.490881
52.849174766667
50.84789365
41.786965833333
34.41707665
26.859358716667
38.071671666667
38.712989333333
49.590753333333
53.620502023333
44.718983166667
41.809044116667
48.876806533333
41.023519433333
39.973393966667
37.570960166667
36.1967357
47.8294275
38.32206475
49.460230833333
33.409
53.533023666667
61.44261982
42.079528333333
47.23872745
54.048694983333
40.7606390815
47.127400166667
48.023230666667
42.670990333333
34.950233866667
42.0672618
38.572432983333
37.3545478
47.589477166667
46.165835833333
41.9959173
53.928485546667
44.379237
53.095723683333
41.742752
47.615273833333
44.107210166667
41.844852666667
40.75543711
39.097419666667
35.4966567
33.272169333333
41.084964546667
48.933718666667
40.221881483333
39.5336685
33.4014263
53.37428505
48.779524266667
43.6404271
40.694743071667
45.950270716667
51.611387
48.6480245
42.911842566667
39.847481683333
46.691371
57.5315085
50.129410566667
47.568040166667
40.59969835
41.366464416667
40.770709666667
49.194971633333
47.558535333333
45.654369116667
51.4096765
39.5179685
44.258867578333
33.478729066667
49.015024333333
38.11023945
42.29379875
46.680541833333
33.181803166667
40.81257145
41.000918983333
31.882774166667
38.561743833333
39.734438166667
45.999511333333
61.429132333333
44.540735
37.990310466667
43.630487333333
45.377624833333
47.042000966667
50.264944333333
49.901072666667
40.796831666667
50.579648666667
35.158453966667
29.2324138
47.371797
50.27010915
40.776477895
28.280963166667
31.771290153333
55.1562035
35.069977991667
39.70336105
50.546666866667
31.88601145
52.373791333333
53.3564129
51.109554833333
65.728152666667
51.40302315
56.216570833333
39.536662066667
57.918758733333
59.133927333333
68.492433666667
47.615965666667
52.522068
52.096242
45.160957166667
44.793152166667
32.606926733333
40.401498166667
50.780704433333
32.557577833333
43.296198833333
33.383068833333
53.237883
37.640480316667
35.179936166667
26.821781633333
41.2606176
32.434046433333
36.602612333333
35.619532166667
32.911160221667
33.7169335
41.324107666667
45.001974383333
37.769444333333
46.657754866667
47.149480666667
46.459146
43.704484166667
50.074782166667
43.934430383333
66.4162406
48.465481433333
43.147023683333
52.933324366667
42.641057
56.999237898333
35.196732366667
42.424477133333
49.896367916667
45.521148166667
59.170604333333
49.885801916667
42.0939859
37.206364666667
51.620854333333
44.790707333333
44.400199
41.459471833333
38.1614925
35.006518333333
35.2499264
55.689023166667
40.6487272
45.19059905
73.5079204
56.733177833333
68.579971216667
61.239636333333
43.991709158333
44.8817145
49.6411715
55.253305833333
44.461850133333
37.586126233333
55.423533
62.251187083333
65.145725166667
54.046997
43.729435333333
39.216705
41.964844416667
39.563077933333
32.638679011667
32.820688166667
28.412080016667
41.776272333333
40.229596666667
44.577356
52.372485833333
52.3414955
54.395861166667
75.154146833333
76.168014333333
54.228800733333
67.004198333333
65.010715833333
49.842317383333
52.798521
37.691031833333
46.252827833333
51.8909305
53.628161666667
58.833542833333
55.112554666667
39.563890533333
50.7952397
52.04927625
61.955504833333
46.113803783333
40.168184
52.837855166667
34.2882415
43.29537915
52.545993316667
60.353111
42.599280333333
48.546008866667
37.043042608333
46.659926833333
49.628383666667
49.944822866667
58.643185983333
56.156994783333
50.476874533333
41.475451666667
36.01877285
31.178884266667
34.548647506667
42.354231816667
61.998795383333
82.890622033333
45.2266835
50.810052333333
57.589323366667
34.0999905
53.7439425
52.772236225
47.490451733333
37.1675885
37.991009833333
46.701736
38.19269695
37.998347
42.167380333333
34.413900633333
38.8990647
55.451492016667
64.702389283333
75.783725333333
50.020616666667
42.166380333333
43.9222857
44.9318545
70.193649166667
59.6087665
50.409810133333
61.031997383333
50.677583433333
41.17722715
55.709185416667
56.87813755
63.688038666667
55.4549632
53.32968495
60.141149233333
60.5276
53.376888
60.548978316667
38.25464
53.762966533333
47.623632933333
45.695348
43.674289433333
39.3878507
46.20425885
51.190389833333
47.340221833333
43.823933166667
41.01258595
48.957474166667
36.999056466667
44.5404035
58.936188166667
60.650997
43.2482513
29.317027
52.348175266667
61.9689615
49.358380626667
49.691354116667
47.792718
60.249164166667
43.4087337
30.575706
34.335282166667
34.510849733333
34.5660694
32.76995575
34.892386981667
31.609513983333
30.380966883333
39.4375007
47.538600583333
50.007538083333
49.381662
35.371177266667
58.010767166667
41.42624733
26.9943665
27.5641269
39.445175281667
52.184982436667
61.339773833333
44.548021933333
57.26788313
59.299573666667
48.994295
54.4446365
45.290820833333
41.037687166667
54.4461575
58.823755833333
35.14312235
51.055249716667
44.448385833333
43.3682138
47.07191765
49.715022483333
61.313628166667
55.756316466667
45.8929209
47.631056666667
43.65472082
38.7342739
60.8018275
42.5841006
48.737321833333
34.365309116667
34.29562405
29.545558666667
39.006829966667
46.549603333333
40.069107683333
39.857211666667
53.783308333333
44.0354485
34.3428285
36.3000293
35.523175333333
34.96076195
47.616439616667
43.478267333333
36.774126333333
59.842894
65.682057433333
42.093715833333
52.537940166667
57.000421166667
63.648036
56.455457166667
45.461000283333
53.706211333333
57.769309183333
50.410012933333
38.2657795
47.717849166667
52.35147095
31.903030033333
32.802174766667
37.96516065
47.503066394667
50.1734022275
37.6684005
46.12335
70.7421207
53.413582333333
47.770660016667
71.8262665
50.840878833333
53.845815833333
63.290848916667
56.994108016667
67.324205216667
45.8359555
47.43129
50.25690672
46.143044833333
43.920141
47.213723166667
56.990145333333
48.267679833333
67.249215666667
55.037107166667
52.308243
45.29259945
55.80841685
49.773626816667
59.035456
50.101524533333
46.889781866667
48.387374833333
47.509849766667
55.953749083333
36.485459
50.948160216667
47.928823166667
50.213201333333
48.627320333333
69.1909465
59.183279333333
47.629973833333
50.99656225
44.624059833333
35.683366433333
40.801366416667
37.93327765
42.590272166667
57.03912315
69.280170666667
65.0125825
65.016078166667
59.575845666667
56.594012
51.617894166667
57.111239733333
64.579381
49.4828605
46.946772833333
40.439654333333
43.3072342
53.9264869
56.087047133333
49.578246833333
49.626063
44.4452383
52.6874654
52.211157
48.738208833333
50.896127166667
52.588796883333
62.125517748167
57.091257333333
37.481271
56.925502666667
44.598943783333
53.132112833333
53.33134665
42.643095573667
40.3452121
50.489232666667
35.602297548333
45.3234525
45.676039666667
45.838709666667
39.879130633333
43.098827483333
36.644684383333
31.0521361
51.6819235
49.238007166667
44.758760876667
39.7886391
33.264157533333
44.21808005
47.889716683333
45.16475105
59.420942333333
50.0794375
37.873976333333
43.8544265
51.185380016667
48.0882285
39.4269085
54.135688066667
45.277425966667
54.909084666667
49.5214265
51.2146385
44.3954205
49.172666933333
54.918694333333
55.371525483333
60.42394755
52.708887883333
54.665769833333
58.20292295
46.70622845
56.1125675
60.532952166667
41.763076333333
42.545972166667
46.189678098333
64.4649849
55.6015589
47.300785333333
54.949197666667
41.920034016667
63.43026665
40.2388275
57.5743165
47.4845057
44.983466533333
48.95885345
59.484648166667
55.882543166667
59.4849525
49.789803666667
44.7271369
47.368236166667
42.958846565
56.0830069
54.582175333333
51.718524433333
47.158575
35.425159333333
58.977462833333
64.333278666667
53.120217233333
63.191832666667
48.033521666667
50.39897535
59.74215595
56.5321217
62.804686666667
49.652590366667
43.304229013333
52.237224833333
47.781582933333
64.802816683333
43.427434
52.686947733333
61.400751166667
74.999372166667
39.501236
49.35869415
36.110413733333
36.97300095
34.012472333333
39.540124666667
38.165267983333
32.521594272833
31.8429846
31.051644333333
43.35227636
40.595479833333
32.370922166667
38.78944815
36.2991218
39.110365666667
35.2561728
38.03421945
26.5533295
45.5343799
40.547031233333
40.915431833333
53.942191833333
54.487739783333
51.028973216667
48.80897945
61.216994833333
61.565058166667
59.742662
45.797803083333
43.0128841
34.607261666667
40.08987815
36.028577248333
44.928098116667
41.221478166667
49.438111983333
49.636733333333
62.103757266667
47.10626698
62.015142166667
57.317751616667
63.933874583333
42.434814016667
60.436501121667
57.939115333333
41.2909406
50.1283235
43.391034996667
63.196320716667
58.591874966667
51.816299666667
42.7585395
40.2606837
57.932334833333
43.465438166667
51.4304952
56.4089385
65.329314666667
59.330147666667
62.056199366667
51.669083316667
57.557963866667
60.430528166667
58.13123935
33.3220365
30.3844642
62.57038875
51.6336755
48.367579166667
43.8476948
35.963522833333
42.681588133333
39.8262755
29.60464365
45.351441366667
47.403977926667
39.751818295
30.131795033333
59.4604257
51.276856
32.275838016667
39.087586383333
41.931512516667
34.46902255
51.239313733333
38.94144065
43.731651716667
43.708743833333
33.732522333333
36.4202922515
33.975344099833
42.569828683333
55.634533666667
47.172895166667
57.794395666667
66.234716166667
66.190702166667
59.21835
49.56398925
42.430746833333
47.272690533333
32.903733333333
41.8371182
51.4533407
49.618331166667
46.102179466667
47.208113166667
45.967366
45.4428103
65.967221333333
65.238702333333
55.468486666667
59.996995666667
56.723924883333
53.061671333333
51.682257566667
56.746027
61.689415166667
40.698191166667
35.499906933333
27.645438166667
32.915472516667
34.99076
51.8960669
37.919593666667
48.718944
55.433687166667
55.123901233333
38.357984166667
49.319254166667
39.563931666667
38.566997666667
32.545768833333
52.40145865
41.958653183333
43.474893183333
46.501177316667
52.20740115
39.16355
65.755805
44.651946766667
42.944947083333
34.103484333333
38.697818
47.771360016667
41.110695666667
49.351609666667
39.376400333333
33.93125305
38.56540805
35.225610866667
38.276991336667
38.357361833333
51.57714226
43.557726983333
46.884447583333
50.813279316667
39.036689833333
35.859451583333
36.847391333333
49.694641
34.2932459
43.593952583333
42.8955515
45.82317665
59.4896925
74.888013666667
67.863988
64.7275405
56.643196833333
51.744437166667
37.191895166667
51.140075833333
45.446053766667
59.859122
59.4603055
43.45243425
48.779533816667
35.503046333333
27.562914166667
33.503556483333
34.9713606
49.30663003
44.3897921
48.08082
58.678762616667
38.6235574
39.276938466667
38.593905866667
46.807118883333
40.580106833333
25.502804316667
36.111887
49.062055016667
44.121448333333
48.393232541667
51.429700833333
41.257364833333
49.498374
60.680983333333
36.551627666667
45.669691333333
33.732105233333
38.979904383333
53.847972683333
57.185869166667
62.442790833333
62.43388825
64.68953935
61.097957
57.074359116667
80.489776716667
45.7421091
46.49159
61.052171333333
46.402381333333
47.30538065
62.822440833333
58.044949533333
51.236082833333
45.504816
55.355211833333
35.205529833333
47.666750666667
53.311025333333
51.5063526
49.510002233333
44.052164966667
40.862695316667
57.194780396667
61.6598095
55.127062
53.154989116667
50.216076666667
59.317020833333
42.199934166667
47.637312333333
64.6244101
73.869996833333
51.522786833333
43.934976933333
39.865877116667
30.98991652
31.79189295
34.61661195
32.924898183333
26.247415833333
39.577169583333
51.772157333333
55.494059333333
32.7874435
27.65834205
29.161317983333
38.68138425
41.8012118
51.3947285
34.833694166667
40.786660083333
41.588472833333
57.23206425
46.368898583333
56.283638833333
46.827817783333
48.987757833333
50.756484833333
56.542648316667
45.868890983333
58.514929833333
49.091074833333
43.349434
56.407908833333
59.701392466667
40.715233766667
40.340989883333
45.6560095
52.422925666667
55.588014166667
69.413898833333
40.40768715
37.186802233333
48.70857156545
40.575221635167
39.614242533333
43.094282183333
48.162989133333
52.487313838333
43.954241916667
31.581395166667
45.8636365
50.189337333333
64.810744833333
72.454768333333
58.9837361
46.349756833333
49.411565466667
46.1415736
51.199555116667
36.543042666667
47.669882
44.586594183333
57.953943333333
52.468449
47.8376195
43.698511433333
39.050687883333
33.785212833333
40.297315166667
36.042446966667
44.04584658
63.589518483333
50.7716645
54.247213333333
49.6755565
42.0446795
45.376509566667
38.518560466667
40.31331325
56.965934
52.051570333333
60.128140333333
52.585022936667
58.276241166667
73.453590833333
55.263795014167
46.721569616667
36.32378285
30.796880016667
54.708292
57.62597
52.52387
76.714955333333
65.031964963333
63.71501133
58.2612243
55.747092833333
43.337697333333
50.594661
60.4741565
43.111606301667
50.039991416667
40.1337955
33.640951313333
32.429978543333
36.9157041
38.4562212
33.18307125
50.1067984
46.1571035
44.6525399
35.42779715
38.103100016667
34.379973133333
41.919282166667
29.602819013333
50.648937586667
58.198763
53.909445783333
42.240970833333
48.07511645
44.527797266667
69.46383
60.561564983333
64.202363433333
54.940850716667
37.462176355
31.598273883333
53.847404648333
56.944855833333
48.27903945
38.5472866
49.996348216667
34.5456537
42.278727
40.117173783333
47.379529416667
49.97152645
37.673048833333
42.670392733333
50.246255433333
51.280150666667
38.934526333333
56.288556633333
59.078987533333
60.908036
57.794257666667
51.424343133333
62.050550616667
60.204628666667
49.758391333333
44.357025133333
46.856556516667
54.38055435
74.720208
87.1817395
80.541233833333
50.93514255
57.896494666667
73.6002485
57.878219333333
51.084186
51.704377
38.207371933333
40.946454808333
66.196966
46.057773223333
63.409793316667
51.1137765
66.04167525
55.772858166667
55.543098966667
50.797019983333
50.649130333333
39.217859166667
45.28007245
54.163579166667
49.33331135
42.824740733333
52.282438166667
65.887721283333
59.5816155
62.567733616667
63.420298333333
56.3190745
52.341680833333
49.197355166667
28.439406333333
41.8130693
36.984155983333
52.586063883333
45.625715466667
68.102251666667
45.682965933333
35.642955716667
47.1835455
40.366334383333
45.018417216667
46.172539833333
42.289510566667
34.619618716667
38.166573133333
32.575136483333
42.513381666667
30.7477985
47.5541305
42.160570166667
44.5280367
46.221246033333
44.401439
39.84138895
31.315713166667
32.257510333333
59.699995666667
51.7548935
41.884318
36.510124328333
35.100929333333
50.138290166667
32.1703167
36.0127865
36.323244433333
32.417922333333
47.196676166667
52.030865833333
43.7290615
34.4411529
38.74052415
36.000910066667
55.181229
26.20600225
27.547784766667
39.276119066667
31.008231323333
26.562982433333
35.723536
38.842547683333
59.926362133333
44.122873
44.419972666667
54.701631666667
46.304262833333
49.978880433333
42.006711233333
36.906733833333
47.608255016667
40.3164695
44.932164166667
39.41076515
42.94426365
51.712127
38.707808916667
39.528131525
33.41916805
40.093811216667
36.994036166667
37.435660316667
61.645149166667
40.926922483333
32.741306833333
29.364272833333
27.53363035
37.38876715
44.389716366667
34.57127555
30.696878716667
37.535316066667
41.582549816667
36.230066416667
37.2042105
44.772973
48.418361485
49.55611385
46.133871166667
40.974526966667
45.9581475
47.174024366667
44.671242183333
51.2195742
54.528493666667
36.907072266667
38.872342666667
47.936554783333
49.273105766667
50.664583166667
72.090117166667
63.72193375
63.492808233333
35.207216083333
49.395974866667
54.473595666667
59.21493975
46.2170209
33.582369133333
35.075588233333
33.513553
46.00536095
38.14009325
44.96719405
41.874366983333
53.541896766667
47.144154166667
42.624180016667
40.9474474
33.071744275
46.605918833333
38.1147881
40.689491238333
55.422196633333
39.225225733333
60.993487166667
47.510789666667
49.282312466667
42.449947016667
44.081155166667
55.643094166667
56.505077583333
44.31321535
60.185793016667
48.124711833333
54.5416156
61.027658883333
57.054309033333
54.724565966667
50.393767166667
46.008633483333
51.031353866667
46.026777366667
52.343922333333
34.979263833333
41.9122767
53.637048333333
36.683632733333
48.109414166667
52.297962166667
76.233337833333
45.8933006
51.292706333333
59.788168683333
46.63139575
51.415400166667
44.467216333333
54.991898983333
46.879871083333
37.79427855
60.872650116667
67.658953166667
51.082296333333
48.924093833333
38.264585333333
33.568375033333
31.674834
27.785708166667
36.214892833333
22.872946166667
42.704790183333
34.723185333333
38.346622666667
36.711808393333
34.895578833333
47.6788105
52.588508166667
33.111523716667
33.52344855
49.437229083333
42.179551
26.416136968333
39.773615066667
32.263535333333
45.455301
38.601227833333
40.921759483333
60.179182983333
45.4127749
88.329748666667
54.435327333333
46.810918833333
58.90553825
51.451742266667
41.184299333333
43.485448666667
31.378782716667
33.453142716667
45.486794616667
42.54798028
37.258513783333
77.394840333333
50.703176166667
41.135994316667
44.658448
48.9251073
46.9157085
52.340797166667
67.311677833333
57.8811725
60.126809833333
38.338436516667
39.05770965
52.22048825
44.528109296667
46.1115668
40.941308833333
42.046875833333
57.439006583333
72.214650666667
52.189433883333
49.883566868367
50.601769866667
58.623381
61.170703866667
74.449196
60.465700333333
67.020136116667
61.882308
59.542621633333
44.419672833333
49.56148635
48.98100885
43.39789775
60.551427916667
56.473166883333
37.921808233333
51.0352283
42.798535933333
49.511117533333
72.959319166667
52.268979
55.211745716667
43.268673716667
53.715498166667
32.441652116667
40.965532666667
39.208355533333
42.711576666667
41.228997333333
35.832165833333
36.633198033333
36.182886666667
36.458128933333
46.844852333333
47.922543333333
42.083150858333
41.101194383333
51.876954633333
70.3352495
57.460019521667
59.848590716667
46.2166105
39.687283083333
41.090216423333
37.324144443333
49.522516766667
44.69664635
55.644311183333
57.342139166667
43.026372016667
56.773604833333
48.763523166667
52.29126975
40.59459
55.620296673333
64.3522055
55.351743
50.995079666667
59.306394416667
71.664415833333
64.650339943333
56.289971
59.077352833333
47.443740666667
51.021721333333
45.0359898
46.372813033333
46.876267833333
40.519866
42.568588166667
41.58407855
45.733263883333
58.837992833333
49.255135016667
50.650271366667
57.744796216667
59.509054166667
58.887840666667
46.318492
51.213215333333
52.3895035
55.884973483333
53.879866333333
55.945905561667
48.498415833333
44.493572683333
40.203809166667
37.906504283333
41.341707066667
47.922382483333
42.285930911667
43.977196833333
39.475023
33.611351683333
45.768274166667
36.180017383333
38.286135366667
32.677843233333
37.619492103333
40.724047166667
42.932128
38.367881166667
46.465223666667
32.301555166667
30.028874666667
41.120125833333
35.077342316667
40.470423783333
28.556468233333
29.711763016667
29.144333816667
39.479339
32.2880196
40.8595002
49.017954416667
53.8164934
55.1239405
52.03803573
55.694072833333
68.428826666667
67.1010295
51.643921066667
54.7195839
39.294389833333
44.824323616667
74.691616066667
51.02172815
36.166605166667
49.137196283333
53.70517475
80.522695416667
67.05259725
72.9780345
65.319100133333
45.927944
52.2449405
45.621000283333
43.360441333333
43.027846316667
34.214685666667
31.226499166667
26.539875619667
31.143932766667
29.47622265
37.770579683333
58.8219328
55.134234666667
62.31291005
55.997317166667
47.222364833333
55.978174
41.968998333333
34.7197415
38.543398083333
40.22306485
39.726864883333
48.215849483333
53.1859825
38.472725883333
34.203232
37.0333015
32.26855965
38.691637133333
44.2222065
43.9145362
52.489970666667
43.437201216667
34.534568
42.473696566667
34.451619333333
59.389714333333
61.724764666667
58.043596133333
55.293848666667
46.910401083333
60.539893
42.296500666667
55.5489401
51.081202166667
54.71476135
64.894716283333
60.280785166667
71.399890833333
66.287027666667
42.917740666667
47.727047716667
56.7310276
51.667010866667
49.9552145
47.252119333333
54.177172166667
63.490678933333
50.608963833333
70.141687
42.975820383333
50.555641666667
41.83214465
34.581965633333
28.363941266667
33.546798
38.9284135
39.7583529
34.436225166667
41.027962
33.394677166667
41.560029166667
52.400573666667
39.870621
36.031237633333
44.067247233333
53.920051383333
53.606483833333
59.289920666667
63.898053166667
41.761027333333
38.699509833333
46.2693473
62.985693166667
69.069461
60.404448833333
77.6806988
47.31196795
46.046246166667
53.217630745
66.618308333333
51.163828866667
56.691161816667
59.18303465
45.018756166667
41.495092033333
49.031403666667
52.639096333333
37.5312714
41.1642174
38.120479
34.992056533333
47.456024333333
35.7251967
38.3729325
35.19911515
39.9044466
30.84389455
37.6766855
45.7476535
30.754682166667
42.671964666667
57.763702666667
55.6564125
31.810981166667
39.263059333333
37.960402833333
32.4920285
38.8385465
55.476374333333
50.505563333333
49.5481295
56.35247035
54.9526498
46.500104666667
49.328528333333
58.399016948333
52.157834566667
60.325895333333
69.490112366667
51.435443
62.695342166667
59.831742966667
52.323491333333
47.902591666667
38.7478145
51.805739
48.023869666667
63.826960883333
46.137145333333
32.522354666667
29.0029275
32.435967166667
43.1335575
41.9683603
44.5010927
35.3507939
34.860568016667
38.223373383333
34.156923783333
28.952547583333
29.243467666667
38.474101166667
40.062128833333
50.79325525
48.727751833333
46.3173362
38.612360566667
37.844224633333
35.0666917
46.7306885
59.256109133333
47.458742583333
45.101969866667
43.543963616667
56.173182133333
44.016166083333
44.896374
47.3703985
46.5476402
49.998884333333
54.452985166667
37.768146816667
53.196288166667
40.718248566667
55.994201333333
60.83382465
50.099958666667
41.051084983333
53.600628533333
54.851325
61.224781833333
50.910143166667
36.109172666667
50.343871833333
39.618457333333
53.175702166667
50.357787666667
70.928675666667
52.48485315
49.048676833333
48.438375263333
49.949149166667
43.356633833333
43.141218833333
35.23375965
60.926396466667
54.0875954
48.621824
42.170811166667
36.572065333333
38.824793333333
46.576746366667
41.804766333333
46.668532
32.726858383333
34.149778233333
27.774759
43.32530025
42.413244166667
64.07747305
52.079588566667
39.549967333333
44.217121883333
44.623714
48.0768905
55.5333065
45.975847
41.646796833333
49.637765433333
36.1876721
36.8154606
40.388542333333
48.666025
48.884248
40.402005746667
52.597379616667
43.330231333333
52.152943266667
75.934033
76.575934016667
73.871019433333
83.15083435
71.803850333333
67.745543666667
56.060860366667
49.130630833333
47.915082666667
70.249511333333
63.392345333333
75.111586083333
79.3357035
63.458384316667
48.553950666667
62.62501445
60.815148
65.394182
65.8342865
64.247976866667
48.896099333333
47.333998511667
44.898679333333
64.439148666667
51.344496993333
55.341442583333
40.13487125
42.202989333333
53.05351295
58.655814666667
50.552097166667
51.019361616667
60.223201333333
44.223083166667
45.926026616667
61.028667833333
49.377466833333
59.467283883333
37.4344745
43.089627316667
32.9340525
29.7127663
32.194947833333
31.643904783333
38.379418366667
46.51964825
51.524181666667
45.594946833333
43.03417924
44.87100795
39.214811666667
43.97252825
34.208108083333
30.492352983333
38.57123755
52.185863166667
55.2829332
60.9809602
49.516431666667
48.4911385
54.583394466667
42.560187833333
38.868869666667
42.7208005
45.744382166667
49.2215229
40.96562645
53.431095833333
34.431162333333
39.711685666667
47.347917616667
47.347945416667
57.352119833333
44.406533066667
48.002758833333
63.636548916667
54.484747
52.022285016667
53.201356416667
55.450847
48.856756233333
57.229363333333
67.764393333333
57.228584833333
44.2373865
42.831073283333
43.846688016667
59.940193116667
56.348729516667
53.7710933
54.7552228
45.128346333333
52.462297166667
50.502938166667
54.225875833333
57.569294866667
55.622921966667
69.025961066667
56.573256333333
64.7777885
51.766396666667
46.615098333333
48.690090833333
39.936949033333
44.0459441
46.482413816667
53.409399583333
56.6852725
44.931401666667
57.950148556667
48.235373
77.577148733333
73.296517366667
69.916286883333
65.382337521333
68.324636666667
73.262629
52.177920316667
65.218164333333
43.423829516667
48.223230133333
44.895744
43.121726333333
51.1758079
48.8288137
56.476216833333
44.6147812
47.7381972
41.898620133333
41.640857833333
47.751939166667
49.478492833333
79.416233083333
47.575317166667
38.529357133333
40.145003433333
44.381485183333
44.973664433333
39.413485
37.79977795
32.717572016667
57.806790533333
44.684448366667
38.8685205
56.1691825
39.726392333333
44.937202333333
55.685553783333
36.896393133333
33.682863233333
32.323436301667
29.520322333333
37.052568333333
26.723199456667
37.186381916667
41.949652983333
25.961342
41.949997933333
42.925823166667
34.845684233333
48.795691833333
61.836536783333
46.267205833333
44.102911166667
57.779714933333
34.42699975
36.369993483333
30.431673466667
32.125173916667
41.424987033333
35.092533433333
35.7779015
38.6026065
30.637728216667
33.161899516667
60.016850283333
69.677627283333
61.154991333333
