85.272	9.5488033333333
85.272	10.671365383333
85.272	15.175048683333
85.272	15.4880745
85.272	14.578180666667
85.272	16.62831685
111.309	20.56629205
111.309	24.533001516667
126.938	21.670040666667
126.938	17.960922333333
126.938	18.5375894
126.938	23.311513216667
148.923	25.7152003795
148.923	21.3304144
148.923	20.6652795
148.923	27.905266833333
148.923	28.928185783333
148.923	28.945655333333
148.923	27.821351583333
148.923	22.544506166667
148.923	21.050999
148.923	21.64770005
166.087	22.31312165
166.087	25.519535466667
198.26	41.374643666667
198.26	42.7017995
198.26	29.100967033333
198.26	29.795049866667
198.26	34.230108333333
198.26	34.9046455
198.26	46.341095666667
239.691	53.581208
239.691	42.752873333333
239.691	39.133840683333
239.691	47.996981716667
239.691	53.542819683333
239.691	50.047197833333
239.691	46.876440266667
239.691	43.250997633333
239.691	45.626917383333
239.691	43.9498445
239.691	35.691803816667
239.691	35.752869366667
239.691	40.4979095
239.691	42.519348916667
239.691	27.908179583333
246.103	39.045512916667
246.103	38.995729616667
246.103	32.1099865
246.103	33.993308856667
246.103	34.115566166667
246.103	31.906772833333
246.103	32.138165
246.103	31.947658185
246.103	34.618640035
246.103	29.313061833333
246.103	35.501422583333
246.103	42.1627105
246.103	34.568259316667
246.103	28.186725433333
246.103	23.933170995
246.103	25.007940195
246.103	20.748776533333
246.103	28.605206516667
246.103	25.604188916667
246.103	19.273770816667
246.103	32.937793933333
246.103	19.558405833333
246.103	24.964374666667
246.103	23.5642469
246.103	28.25751555
246.103	37.546776316667
246.103	32.007786833333
246.103	35.390875
246.103	39.565009483333
246.103	32.897045666667
246.103	44.291961
246.103	36.183769666667
246.103	43.762638833333
246.103	40.9111474
246.103	42.348135083333
246.103	39.4425781
246.103	35.973910083333
246.103	43.496026716667
246.103	42.666906916667
246.103	39.383868416667
246.103	40.770680766667
246.103	42.683189266667
246.103	33.543898416667
246.103	36.837904033333
246.103	42.439873166667
246.103	43.418278316667
246.103	35.125698416667
246.103	42.4273618
246.103	37.120202183333
246.103	40.897290083333
246.103	43.203996183333
299.224	53.796293166667
299.224	50.24937535
299.224	50.495288
299.224	42.462767666667
299.224	55.975217833333
299.224	37.66025725
299.224	32.350902333333
299.224	31.97957125
299.224	33.068642666667
299.224	40.802511666667
299.224	50.603355
299.224	44.348799
299.224	47.360541666667
299.224	50.245165666667
299.224	33.955649833333
299.224	36.200143833333
299.224	44.166354
299.224	46.902221616667
299.224	33.47647445
299.224	50.031211683333
299.224	30.539387666667
299.224	45.632773458333
299.224	44.93508725
299.224	39.39742275
299.224	35.664089083333
299.224	30.079272566667
299.224	34.3223244
299.224	33.360615533333
299.224	34.941665116667
299.224	30.916106233333
299.224	25.884543796667
299.224	36.926428833333
299.224	32.071914383333
299.224	36.9576815
299.224	31.5248705
299.224	27.807631966667
299.224	27.556239833333
299.224	29.36924525
299.224	32.3065585
299.224	25.6318389
299.224	29.4273031
299.224	30.0680295
299.224	26.26727341
299.224	32.5220812
299.224	33.454001933333
299.224	25.338821166667
299.224	35.439250866667
299.224	31.668362516667
299.224	33.261335116667
299.224	40.910871666667
299.224	32.539625666667
299.224	34.412609666667
299.224	30.002651516667
299.224	28.3460015
299.224	22.037099283333
299.224	35.68312125
299.224	33.0121635
299.224	53.631375
299.224	53.731609333333
299.224	44.069750166667
299.224	35.623153666667
299.224	40.7918065
299.224	47.262905
299.224	37.6132995
299.224	38.169444833333
299.224	44.136230598333
299.224	44.378890716667
299.224	53.219655316667
299.224	53.113501433333
299.224	44.256203
299.224	36.106466783333
299.224	34.597798383333
299.224	32.870104133333
299.224	50.507851166667
299.224	41.563050833333
299.224	43.780156166667
299.224	37.0717699
299.224	29.603069216667
299.224	24.8138343
299.224	24.161545833333
299.224	28.861286
299.224	41.394688583333
299.224	41.4506965
299.224	57.06769
299.224	44.752073333333
299.224	44.083751066667
299.224	44.139546066667
299.224	36.766099833333
299.224	43.7121375
299.224	46.521707216667
299.224	46.250074666667
299.224	45.677297833333
299.224	30.1660572
299.224	35.289964666667
299.224	43.391032066667
299.224	36.96035565
299.224	42.015751833333
299.224	39.688303666667
299.224	35.040568833333
299.224	35.0746116
299.224	31.365850416667
299.224	36.997088655
299.224	37.057049988333
299.224	31.211058666667
299.224	42.474792833333
299.224	40.245384666667
299.224	35.980400116667
299.224	35.9560105
299.224	38.824793
299.224	44.701731
299.224	38.119793483333
299.224	34.386532633333
299.224	33.045849166667
299.224	30.197934833333
299.224	36.618534316667
299.224	39.990061666667
299.224	35.041790316667
299.224	31.617584666667
299.224	39.991432233333
299.224	39.212126333333
299.224	50.113391033333
299.224	48.390547333333
299.224	54.9413995
299.224	48.854444566667
299.224	48.419182716667
299.224	46.0792713
299.224	68.225962333333
299.224	80.009173116667
299.224	36.25957505
299.224	41.36199675
299.224	35.6072019
299.224	40.1553062
299.224	43.880874
299.224	42.224923683333
299.224	61.314689133333
299.224	48.876541266667
299.224	49.085089333333
299.224	45.954299166667
299.224	40.149144666667
299.224	45.180679833333
299.224	32.341045833333
299.224	29.998604833333
299.224	37.261490333333
299.224	34.435936383333
299.224	30.706056466667
299.224	27.176909833333
299.224	34.954388833333
299.224	49.8882825
299.224	42.152809033333
299.224	37.826206933333
299.224	33.634255333333
299.224	35.603594483333
299.224	31.17585715
299.224	36.509905583333
299.224	40.561226833333
299.224	40.857945166667
299.224	40.502031016667
299.224	39.436776166667
299.224	49.396761
299.224	36.261889433333
299.224	32.890303666667
299.224	32.16871365
299.224	25.216299025
299.224	23.6166045
299.224	23.974649166667
299.224	28.930829434667
299.224	26.954736166667
299.224	34.151419483333
299.224	28.385042833333
299.224	27.928922566667
299.224	35.3568985
299.224	29.4704015
299.224	33.03878415
299.224	33.371033283333
299.224	32.240962916667
299.224	39.797785890667
299.224	34.1718722765
299.224	36.156507783333
299.224	24.132786081667
299.224	35.393846166667
299.224	35.55667215
299.224	45.85405886
299.224	48.42758825
299.224	46.9155755
299.224	39.311583666667
319.438	48.11688305
319.438	44.449357966667
319.438	37.44508755
319.438	34.725571766667
319.438	34.927588730333
319.438	27.8086501
319.438	34.392268733333
319.438	45.584074883333
319.438	40.74097355
319.438	35.4169595
319.438	37.322245333333
319.438	43.025171833333
319.438	59.0934437
319.438	43.434415466667
319.438	38.5221426
319.438	58.3513425
319.438	35.076661183333
319.438	36.885249923333
319.438	40.37618975
319.438	46.149325666667
319.438	56.513535833333
319.438	43.2962704
319.438	55.610617333333
319.438	49.485450866667
319.438	56.891921533333
319.438	52.5776527
319.438	59.2957745
319.438	56.49168585
319.438	43.350529666667
319.438	42.571401716667
319.438	41.913270833333
319.438	33.490543283333
319.438	40.0970512
319.438	47.224947293333
319.438	52.1703305
319.438	41.902774751667
319.438	44.7364714
319.438	38.972332933333
319.438	54.61873115
319.438	60.585192133333
319.438	59.0402985
319.438	58.105926183333
319.438	62.800405666667
319.438	50.065452166667
319.438	61.529825
319.438	50.019915483333
319.438	40.6284412
319.438	43.403751016667
319.438	59.0404435
319.438	55.284865
319.438	42.980944883333
319.438	40.846226
319.438	29.8886775
319.438	32.2091905
319.438	43.0824575
319.438	33.253876183333
319.438	44.120940638333
319.438	42.058257166667
319.438	34.988521783333
319.438	44.469540328333
319.438	40.046870483333
319.438	29.694437816667
319.438	42.606473833333
319.438	38.728419833333
319.438	48.431565833333
319.438	43.07357501
319.438	41.848968116667
319.438	35.084326333333
319.438	35.942050505
319.438	50.793689580667
319.438	40.364942166667
319.438	34.215237
319.438	38.008811333333
319.438	48.106438733333
319.438	44.986180016667
319.438	51.9451169
319.438	79.7322495
319.438	65.4542935
319.438	62.016782
319.438	49.9121444
319.438	55.845681166667
319.438	52.789306533333
319.438	60.66273265
319.438	60.085554833333
319.438	64.219275833333
319.438	43.63350905
319.438	41.630565533333
319.438	34.310013866667
319.438	50.760980416667
319.438	64.7375515
319.438	56.725032833333
319.438	59.221834333333
319.438	47.107722666667
319.438	55.553109
319.438	46.786586033333
319.438	69.289236166667
319.438	62.190770333333
319.438	54.6660282
319.438	45.243802833333
319.438	52.941386333333
319.438	41.160812
319.438	40.03072245
319.438	51.955096333333
319.438	49.25712515
319.438	54.620218483333
319.438	37.1901991
319.438	57.470995666667
319.438	43.272138333333
319.438	45.371477433333
319.438	33.727567583333
319.438	32.578955783333
319.438	43.822715
319.438	59.6699465
319.438	47.156851166667
319.438	49.774985666667
319.438	44.381273333333
319.438	61.2313152
319.438	50.2254608
319.438	61.53985745
319.438	82.776591833333
319.438	54.012329333333
319.438	57.7157995
319.438	45.502349833333
319.438	34.99734815
319.438	52.095464816667
319.438	53.02742805
319.438	57.188265066667
319.438	61.586509633333
319.438	46.8248855
319.438	54.523724166667
319.438	38.535163783333
319.438	43.466955
319.438	39.01751
319.438	41.085201243333
319.438	33.6391768
319.438	42.348803356667
319.438	43.0218609
319.438	45.364733133333
319.438	51.550243833333
319.438	45.048257666667
319.438	43.004516883333
319.438	68.563080166667
319.438	72.1513275
319.438	60.937257205
319.438	55.45411075
319.438	52.737747983333
319.438	33.334098733333
319.438	41.851933333333
319.438	36.341687166667
319.438	49.039070833333
319.438	46.988007073333
319.438	48.857971
319.438	41.082923
319.438	37.597945666667
319.438	37.568022016667
319.438	45.747578666667
319.438	54.0410805
319.438	46.338251566667
319.438	39.477298366667
319.438	37.334469616667
319.438	33.989237616667
319.438	42.22379515
319.438	37.9067595
319.438	39.775303143333
319.438	30.2479875
319.438	37.357687116667
319.438	56.988217333333
319.438	47.224926433333
319.438	49.5673937
319.438	49.948684166667
319.438	40.90999455
319.438	42.100259166667
319.438	35.310752333333
319.438	39.9816161
319.438	28.753391516667
319.438	27.054558083333
319.438	37.2861474
319.438	33.720928666667
319.438	34.47090135
319.438	38.465848333333
357.07	54.748688116667
357.07	38.3867157
357.07	40.319439066667
357.07	39.246070766667
357.07	43.22661515
357.07	32.29105255
357.07	36.9703335
357.07	56.844824933333
357.07	62.5380296
357.07	45.3821045
357.07	38.702012516667
357.07	44.769023666667
357.07	52.145941666667
357.07	65.078084
357.07	48.199200516667
357.07	67.342745
357.07	61.1535075
357.07	43.75266345
357.07	33.742763033333
357.07	44.5619287
357.07	49.974185733333
357.07	75.306705666667
357.07	65.9211971
357.07	41.318109633333
357.07	55.797063783333
357.07	53.9129285
357.07	57.89862935
357.07	52.4306909
357.07	52.684934616667
357.07	46.62688655
357.07	63.57291625
357.07	67.383732883333
357.07	63.071967333333
357.07	49.670246833333
357.07	42.200179333333
357.07	48.8985835
357.07	42.276997
357.07	39.5683775
357.07	43.5717161
357.07	51.260429333333
357.07	38.829748166667
357.07	35.5075065
357.07	31.59576115
357.07	47.751199166667
357.07	57.699101833333
357.07	59.92645409
357.07	55.581822516667
357.07	53.426666666667
357.07	69.535012349833
357.07	56.3560871
357.07	42.383872
357.07	56.783400833333
357.07	52.822306333333
357.07	50.991533333333
357.07	42.086791833333
357.07	45.638429428333
357.07	47.020946166667
357.07	43.317454666667
357.07	49.2992904
357.07	46.723946316667
357.07	60.3292385
357.07	76.913742616667
357.07	47.058273766667
357.07	46.0455256
357.07	65.78083885
357.07	66.7707785
357.07	67.1776025
357.07	65.100665833333
357.07	57.897565166667
357.07	66.906256
357.07	53.902785833333
357.07	54.84493
357.07	48.939215466667
357.07	43.038202583333
357.07	52.3452295
357.07	47.446417166667
357.07	48.392141
357.07	56.170222333333
357.07	78.872799333333
357.07	72.540143333333
357.07	58.408047166667
357.07	51.392225666667
357.07	43.53336685
357.07	36.189621316667
357.07	34.657095333333
357.07	38.47975735
357.07	24.71993015
357.07	31.120170633333
357.07	54.86624
357.07	50.448772633333
357.07	41.194597366667
357.07	45.942041333333
357.07	47.71934715
357.07	48.347718166667
357.07	56.291028833333
357.07	69.950808166667
357.07	67.677571
357.07	56.8714357
357.07	66.0669145
357.07	57.079868333333
357.07	66.539242666667
357.07	63.946351466667
357.07	70.403119666667
357.07	66.9032095
357.07	81.6871635
357.07	88.674691333333
357.07	71.026130166667
357.07	53.783181033333
357.07	68.784312166667
357.07	58.06153135
357.07	57.169429633333
357.07	55.926191666667
357.07	50.17853305
357.07	49.449368666667
357.07	48.4458295
357.07	42.322011083333
357.07	42.476136166667
357.07	43.919851016667
357.07	36.942470716667
357.07	39.887715483333
357.07	55.7908845
357.07	65.644750833333
357.07	80.791836666667
357.07	65.434581833333
357.07	75.7496815
357.07	62.131333166667
357.07	56.7378805
357.07	53.8744311
357.07	69.719020333333
357.07	69.1600435
357.07	68.159053761667
357.07	54.0770225
357.07	66.430235133333
357.07	56.659464833333
357.07	49.23976914
357.07	48.456214366667
357.07	50.325244833333
357.07	56.817882166667
357.07	59.270763033333
357.07	52.482923266667
357.07	44.407433666667
357.07	55.323193966667
357.07	51.535756166667
357.07	78.30545195
357.07	81.498242166667
357.07	51.6029925
357.07	59.075694833333
357.07	77.6650795
357.07	56.817069166667
357.07	66.658276666667
357.07	60.177557833333
357.07	61.410704
357.07	63.758110366667
357.07	69.3994675
357.07	55.965587066667
357.07	86.334850333333
357.07	59.2578465
357.07	71.500408666667
357.07	57.1657667
357.07	51.866835333333
357.07	42.201608516667
357.07	28.902637666667
357.07	52.803510316667
357.07	52.160493533333
357.07	48.12321915
357.07	53.166018
357.07	65.079711
357.07	69.175340883333
357.07	57.6468955
357.07	63.735014833333
357.07	54.181893333333
357.07	37.707515666667
357.07	37.347687166667
357.07	41.721159833333
357.07	42.894432866667
357.07	47.6629025
357.07	63.488031391667
357.07	39.072022166667
357.07	35.407211733333
357.07	28.065115333333
357.07	31.040702666667
357.07	38.979829666667
357.07	35.906497333333
357.07	56.301463783333
357.07	74.652467833333
357.07	56.141658133333
357.07	54.7041139
357.07	68.629094833333
357.07	61.041213166667
357.07	53.422073666667
357.07	66.272977478333
357.07	57.478707166667
357.07	92.275553833333
357.07	72.544096166667
357.07	65.9461755
357.07	62.049682083333
357.07	51.248886366667
357.07	45.805163616667
357.07	40.680337133333
357.07	42.646453333333
357.07	49.517710366667
357.07	59.89154
357.07	50.401952
357.07	36.960540033333
357.07	37.841096233333
357.07	41.084468333333
357.07	41.084474516667
357.07	37.128704816667
357.07	48.808645166667
357.07	47.881994833333
357.07	50.548061615
357.07	45.77870325
357.07	58.5038428
357.07	50.93157424
357.07	49.280202033333
357.07	44.885882016667
357.07	52.897976333333
357.07	51.4712255
357.07	42.119778738333
357.07	42.791967833333
357.07	31.099389833333
357.07	44.256886
357.07	48.3707505
357.07	38.892646183333
357.07	45.210159
357.07	48.2855354
357.07	60.697980333333
357.07	69.539150316667
357.07	63.953060166667
357.07	69.4070535
357.07	60.778973166667
357.07	59.435061933333
357.07	55.242893333333
357.07	56.252402546667
357.07	67.205669963333
357.07	66.578824333333
357.07	65.034316933333
357.07	54.129539833333
357.07	54.1794185
357.07	50.492052833333
357.07	51.913384458333
357.07	48.810616666667
357.07	58.336455333333
357.07	47.8942095
357.07	47.683395166667
357.07	53.072661333333
357.07	48.916222833333
357.07	55.367820366667
357.07	42.505845833333
357.07	43.983616666667
357.07	45.842931916667
357.07	46.7282435
357.07	67.401779916667
357.07	53.0484404
357.07	60.3972457
357.07	52.470307833333
357.07	49.934629983333
357.07	53.07824235
357.07	54.522268816667
357.07	54.052657333333
357.07	56.65022145
357.07	41.832898733333
357.07	42.632784915
357.07	45.366555616667
357.07	51.123278483333
357.07	64.769915333333
357.07	50.518006466667
357.07	48.300511666667
357.07	50.0155685
357.07	55.40987265
357.07	45.067809666667
357.07	52.722688033333
357.07	78.993238833333
357.07	80.457224
357.07	50.72188925
357.07	50.3610654
357.07	58.427431333333
357.07	75.287357666667
357.07	48.555906833333
357.07	51.728717583333
357.07	78.5361099
357.07	67.578998333333
357.07	63.645811333333
357.07	57.764105816667
357.07	72.136070833333
357.07	48.134675
357.07	44.113457175
357.07	59.582486
357.07	71.15559815
357.07	64.870949966667
357.07	55.612708416667
357.07	67.436331
357.07	71.536885933333
357.07	59.0482156
357.07	60.315097616667
357.07	58.967145483333
357.07	67.953122183333
357.07	65.952873
357.07	67.341656166667
357.07	44.046389383333
357.07	47.269366083333
357.07	52.456698066667
357.07	41.041126516667
357.07	34.143400533333
357.07	43.887151816667
357.07	45.729713833333
357.07	53.690029833333
357.07	54.067741
357.07	55.105746166667
357.07	39.47202825
357.07	49.604467333333
357.07	52.263456883333
357.07	74.438440615
357.07	54.478221
357.07	58.317982666667
357.07	57.298336333333
357.07	37.403353333333
357.07	38.902613663333
357.07	52.379902
357.07	59.645163666667
357.07	49.740406791833
357.07	46.82695865
357.07	67.599018166667
357.07	56.709030166667
357.07	72.408121333333
357.07	69.639365333333
357.07	71.278631216667
357.07	62.1268085
357.07	44.929749833333
357.07	37.367266033333
357.07	46.258809983333
357.07	45.436587666667
357.07	38.371458166667
357.07	28.554979833333
357.07	38.51204415
357.07	41.85696245
357.07	41.103895833333
357.07	68.3474277
357.07	59.734549666667
357.07	50.306371166667
357.07	54.047371233333
357.07	50.456122738333
357.07	53.003753416667
357.07	64.9186345
357.07	62.252064666667
357.07	56.218310336667
357.07	66.523281955
357.07	57.679154333333
357.07	52.379849666667
357.07	48.2635565
357.07	44.37609215
357.07	64.837800166667
357.07	78.581232833333
357.07	76.3278126
357.07	60.6542344
357.07	62.584623633333
357.07	57.164133166667
357.07	60.190278916667
357.07	72.895019666667
357.07	59.34417
357.07	76.98275365
357.07	60.626056766667
357.07	54.554426166667
357.07	63.710925666667
357.07	54.406948833333
357.07	53.064274
357.07	42.905121466667
357.07	48.192299588333
357.07	54.96889925
357.07	51.4662685
357.07	41.215999666667
357.07	55.5625767
357.07	47.855589666667
357.07	52.4738025
357.07	51.485866183333
357.07	44.8067057
357.07	58.763921
357.07	37.386888243333
357.07	46.293496516667
357.07	57.193232916667
357.07	65.016871
357.07	57.94522905
357.07	56.452259833333
357.07	54.176285166667
357.07	48.030276666667
357.07	44.404262333333
357.07	45.979506083333
357.07	48.063741
357.07	61.3636785
357.07	54.1795485
357.07	45.481937166667
357.07	49.7739665
357.07	59.013015733333
357.07	35.25037735
357.07	40.902746333333
357.07	38.8501246
357.07	44.712030933333
357.07	50.2342505
357.07	42.233472956667
357.07	38.740233466667
357.07	35.594451
357.07	34.057747816667
357.07	43.132162166667
357.07	44.043994733333
357.07	53.628764466667
357.07	50.640276
357.07	58.164421978333
357.07	55.926148783333
357.07	61.844581483333
357.07	51.069618333333
357.07	62.806250766667
357.07	65.9443135
357.07	58.02293105
357.07	44.9612515
357.07	39.3432075
357.07	50.468761533333
357.07	39.935222666667
357.07	42.868244333333
357.07	43.339414666667
357.07	40.1690295
357.07	46.481810333333
357.07	62.631746216667
357.07	54.805351833333
357.07	59.435616833333
357.07	54.171126166667
357.07	53.18303658
357.07	59.323480833333
357.07	65.335487766667
357.07	56.943751833333
357.07	62.954363333333
357.07	66.0211815
357.07	49.182713333333
357.07	76.542518
357.07	57.308484333333
357.07	61.754222166667
357.07	72.250999833333
357.07	75.328070333333
357.07	56.858532166667
357.07	49.70740355
357.07	85.679287
357.07	53.548982666667
357.07	71.380601
357.07	46.3682039
357.07	62.988414833333
357.07	49.101744383333
357.07	62.704335166667
357.07	54.693328166667
357.07	47.03837045
357.07	57.210819333333
357.07	46.111402016667
357.07	50.132663666667
357.07	78.727594333333
357.07	73.872079083333
357.07	57.411783055
357.07	73.761865
357.07	61.845492333333
357.07	60.448665333333
357.07	48.83398325
357.07	49.022438166667
357.07	52.849167166667
357.07	52.92999015
357.07	53.72548455
357.07	50.179703333333
357.07	35.824022666667
357.07	39.986533933333
357.07	50.960050116667
357.07	46.44426875
357.07	53.956842833333
357.07	56.673270833333
357.07	67.791862166667
357.07	68.783187
392.166	61.59111625
392.166	81.385034833333
392.166	68.10773
392.166	79.989507666667
392.166	56.6521725
392.166	50.551402166667
392.166	59.709213666667
392.166	47.701205333333
392.166	48.071515166667
392.166	43.595963833333
392.166	46.430977166667
392.166	46.821754666667
392.166	48.020179166667
392.166	43.413571158333
392.166	55.134237683333
392.166	39.011722533333
392.166	43.413053833333
392.166	55.232189383333
392.166	67.520257333333
392.166	44.059718
392.166	49.394139833333
392.166	62.757190488333
392.166	61.245284333333
392.166	47.054009166667
392.166	53.73105945
392.166	48.368185183333
392.166	49.398773933333
392.166	55.88010905
392.166	48.225567666667
392.166	44.678217666667
392.166	28.2690585
392.166	41.834868683333
392.166	31.943316533333
392.166	40.2917286
392.166	53.303072666667
392.166	46.277764583333
392.166	68.668369666667
392.166	78.012606366667
392.166	59.907531
392.166	57.48002845
392.166	44.573216333333
392.166	46.530693083333
392.166	54.977220633333
392.166	43.9464565
392.166	48.660943333333
392.166	51.802776066667
392.166	57.923090916667
392.166	46.178620433333
392.166	55.8436755
392.166	61.872463833333
392.166	48.654260095
392.166	38.613597666667
392.166	43.0254855
392.166	30.274872
392.166	32.722239183333
392.166	42.834752183333
392.166	49.435216116667
392.166	47.618639833333
392.166	73.1722485
392.166	48.519271269833
392.166	44.937519
392.166	48.6116155
392.166	37.0878405
392.166	35.8070376925
392.166	37.6505716
392.166	45.700907616667
392.166	46.239953933333
392.166	51.665424398333
392.166	47.7081242
392.166	39.795586666667
392.166	45.2763605
392.166	43.689401
392.166	61.239100866667
392.166	65.489932333333
392.166	59.266610666667
392.166	50.54724455
392.166	38.797049646667
392.166	45.693016316667
392.166	42.039860066667
392.166	45.154772516667
392.166	47.432396633333
392.166	38.24805315
392.166	43.46492425
392.166	64.843723
392.166	51.996887833333
392.166	51.2520245
392.166	55.804639333333
392.166	43.313393476667
392.166	34.9349815
392.166	29.659509633333
392.166	42.213684783333
392.166	52.176355666667
392.166	39.021437491667
392.166	37.172639113333
392.166	49.373789333333
392.166	32.611631371667
392.166	29.441810183333
392.166	40.017821126667
392.166	35.99356035
392.166	43.452431366667
392.166	47.162258783333
392.166	46.381627
392.166	40.169235543333
392.166	42.571958983333
392.166	40.142569833333
392.166	33.313550183333
392.166	28.80870335
392.166	26.075032683333
392.166	29.403803866667
392.166	52.377843333333
392.166	35.504668316667
392.166	42.116551166667
392.166	27.3200935
392.166	32.313534333333
392.166	43.5216393
392.166	45.1014065
392.166	30.999574333333
392.166	30.539757071667
392.166	33.241151833333
392.166	35.397544116667
392.166	36.0048615
392.166	39.876809343333
392.166	40.66666794
392.166	41.989807153333
392.166	42.368745733333
392.166	54.665198333333
392.166	45.95258405
392.166	42.453634533333
392.166	66.149657666667
392.166	66.916727333333
392.166	70.861984
392.166	60.185627715
392.166	46.205051866667
392.166	53.139693183333
392.166	37.618261666667
392.166	37.9803899
392.166	44.117622
392.166	52.594764666667
392.166	54.246862166667
392.166	62.6255635
392.166	77.072097966667
392.166	75.003542833333
392.166	67.325142666667
392.166	59.717227083333
392.166	48.950663183333
392.166	65.051358315
392.166	62.801636173333
392.166	71.232823
392.166	55.548181833333
392.166	61.484989833333
392.166	51.451552566667
392.166	47.567237333333
392.166	42.826358516667
392.166	48.304226
392.166	48.3792358
392.166	45.753505333333
392.166	51.370479333333
392.166	57.990231666667
392.166	34.953807138333
392.166	43.600808683333
392.166	38.963775083333
392.166	37.21771515
392.166	48.9734077
392.166	46.968295
392.166	52.621188233333
392.166	40.8045377
392.166	36.04580315
392.166	43.5677361
392.166	53.744066016667
392.166	58.220728166667
392.166	40.152637
392.166	43.471366938333
392.166	47.894558630333
392.166	44.093118666667
392.166	56.330813983333
392.166	47.1788485
392.166	51.7785555
392.166	64.670700233333
392.166	66.83255035
392.166	78.175058933333
392.166	52.799919316667
392.166	52.1254735
392.166	56.976173166667
392.166	60.060521833333
392.166	69.730358483333
392.166	75.690811666667
392.166	53.983522833333
392.166	65.915734
392.166	49.512229333333
392.166	53.242432883333
392.166	49.81732295
392.166	43.802574083333
392.166	71.376836
392.166	64.734691166667
392.166	50.780001666667
392.166	48.403260833333
392.166	44.5368255
392.166	35.795109166667
392.166	53.426804866667
392.166	46.056626166667
392.166	48.709488856667
392.166	52.918951333333
392.166	59.655140333333
392.166	64.9574515
392.166	72.040927
392.166	83.2267085
392.166	56.007434433333
392.166	52.610422583333
392.166	61.952138166667
392.166	57.514124566667
392.166	42.921883166667
392.166	57.0319481
392.166	48.743874
392.166	39.399202416667
392.166	49.004311466667
392.166	69.7135193
392.166	49.577472516667
392.166	51.5519555
392.166	48.255171
392.166	48.43688863
392.166	37.729400166667
392.166	71.488871333333
392.166	73.199894166667
392.166	80.676631
392.166	69.902318766667
392.166	64.8620264
392.166	58.448911
392.166	63.977407
392.166	60.04347395
392.166	53.407181
392.166	46.4865415
392.166	36.684183666667
392.166	45.5781664
392.166	57.5991095
392.166	54.181337166667
392.166	44.137278166667
392.166	35.026981316667
392.166	41.764707216667
392.166	40.575394538333
392.166	33.701556083333
392.166	34.341905783333
392.166	32.456604583333
392.166	50.172913916667
392.166	55.131112716667
392.166	50.404458016667
392.166	55.4837124
392.166	60.334269833333
392.166	47.792626666667
392.166	40.252121383333
392.166	54.745918
392.166	47.745126533333
392.166	58.59858905
392.166	44.654682166667
392.166	38.358405
392.166	40.448853166667
392.166	59.520278666667
392.166	42.666525666667
392.166	39.050613666667
392.166	37.498343833333
392.166	38.016167783333
392.166	28.997812266667
392.166	42.937484406667
392.166	39.622925666667
392.166	52.240226166667
392.166	50.561686833333
392.166	40.986311833333
392.166	42.413617133333
392.166	35.782420666667
392.166	36.036937833333
392.166	48.354569666667
392.166	41.242943333333
392.166	55.985536666667
392.166	65.883639833333
392.166	59.443884833333
392.166	54.868711016667
392.166	62.81293575
392.166	51.53204265
392.166	51.92095755
392.166	48.015745833333
392.166	39.6870428
392.166	39.854558185
392.166	50.881282116667
392.166	44.585412516667
392.166	54.346306983333
392.166	45.528966
392.166	65.213085283333
392.166	38.650811441667
392.166	48.962664666667
392.166	58.879681333333
392.166	56.71706253
392.166	40.080557333333
392.166	40.845638333333
392.166	51.157057953333
392.166	36.909070266667
392.166	49.939552166667
392.166	58.687794833333
392.166	51.108005116667
392.166	42.343974333333
392.166	42.9266485
392.166	28.833006466667
392.166	58.153621583333
392.166	50.96521455
392.166	64.4483655
392.166	47.9280506
392.166	48.258037833333
392.166	51.7634646
392.166	38.4334025
392.166	47.537673
392.166	44.298669933333
392.166	46.33741815
392.166	42.310264516667
392.166	47.848916
392.166	45.002585833333
392.166	44.190540266667
392.166	50.818613933333
392.166	50.563353333333
392.166	55.674642
392.166	52.998995666667
392.166	50.7005055
392.166	38.510831
392.166	31.259430833333
392.166	40.39273225
392.166	39.736624916667
392.166	32.176356333333
392.166	48.886853166667
392.166	47.295444833333
392.166	46.43170385
392.166	38.28504735
392.166	49.535214166667
392.166	56.425636183333
392.166	55.219682083333
392.166	49.563805666667
392.166	43.473847333333
392.166	39.382589906667
392.166	46.7568525
392.166	56.141828166667
392.166	60.982427166667
392.166	33.906540333333
392.166	40.6528215
392.166	51.383836833333
392.166	56.072588743333
392.166	45.041012666667
392.166	48.6785975
392.166	41.352279666667
392.166	37.561178333333
392.166	34.777219203333
392.166	38.069930166667
392.166	37.379142
392.166	39.351812333333
392.166	55.994338833333
392.166	37.01436359
392.166	44.509439
392.166	56.9741985
392.166	29.771298916667
392.166	34.994352466667
392.166	45.837867666667
392.166	44.608552166667
392.166	51.623637166667
392.166	52.89168805
392.166	64.40672915
392.166	58.831868116667
392.166	44.97891165
392.166	39.559370566667
392.166	46.5941435
392.166	63.746179516667
392.166	49.4805805
392.166	53.325788666667
392.166	65.644395833333
392.166	57.754574333333
392.166	59.177826166667
392.166	39.221509666667
392.166	46.829169
392.166	40.9584425
392.166	49.3939665
392.166	41.272551
392.166	46.39140455
392.166	40.79940805
392.166	42.821561816667
392.166	40.189619833333
392.166	39.21334765
392.166	49.557826
392.166	40.772073083333
392.166	40.980199833333
392.166	49.254424333333
392.166	66.827813316667
392.166	63.678005033333
392.166	67.566626833333
392.166	55.0821715
392.166	67.606888283333
392.166	52.533227833333
392.166	63.0065775
392.166	72.451594166667
392.166	60.853909833333
392.166	59.83177283
392.166	54.7324337
392.166	53.879853083333
392.166	44.1676556
392.166	42.786103166667
392.166	38.698991311667
392.166	37.011403666667
392.166	41.793644166667
392.166	48.882341166667
392.166	37.309458133333
392.166	38.743653083333
392.166	54.555021333333
392.166	57.001332166667
392.166	50.443676166667
392.166	42.150883333333
392.166	50.763916
392.166	54.852438666667
392.166	56.948987666667
392.166	49.750747533333
392.166	39.320998166667
392.166	44.516364963333
392.166	36.365062833333
392.166	41.803663483333
392.166	43.378081
392.166	32.899862316667
392.166	36.951936883333
392.166	34.778958116667
392.166	35.539850333333
392.166	43.91887825
392.166	46.474533666667
392.166	48.069287016667
392.166	38.856734766667
392.166	42.166638116667
392.166	40.18459765
392.166	36.841994983333
392.166	52.517921275
392.166	36.121855533333
392.166	38.733535166667
392.166	40.18714775
392.166	37.835210833333
392.166	40.193422333333
392.166	54.595418
392.166	62.766219
392.166	64.745067333333
392.166	48.019439333333
392.166	52.981839166667
392.166	68.631150333333
392.166	74.118146
392.166	59.040012333333
392.166	51.738601
392.166	56.661621833333
392.166	49.022912333333
392.166	60.628967133333
392.166	59.479523316667
392.166	52.173131
392.166	56.180352616667
392.166	64.272923016667
392.166	60.274404
392.166	40.698454471667
392.166	34.474134316667
392.166	36.791673333333
392.166	34.965085833333
392.166	43.867192533333
392.166	45.529786666667
392.166	65.8972265
392.166	43.56727295
392.166	45.082404333333
392.166	31.922319833333
392.166	35.649350385667
392.166	38.028526333333
392.166	65.30097815
392.166	53.902748833333
392.166	45.914103916667
392.166	46.901648133333
392.166	43.8054647
392.166	37.703385316667
392.166	37.251220333333
392.166	42.860756116667
392.166	53.852041533333
392.166	33.934701333333
392.166	54.072842666667
392.166	50.899126366667
392.166	54.615089333333
392.166	48.921376166667
392.166	51.766700733333
392.166	40.721180333333
392.166	35.597918666667
392.166	45.192302933333
392.166	47.761579166667
392.166	58.3854195
392.166	55.294390666667
392.166	51.304778833333
392.166	64.87617
392.166	41.06997725
392.166	47.819929533333
392.166	56.77658072
392.166	39.523544833333
392.166	27.694049413667
392.166	33.462583666667
392.166	39.906682666667
392.166	31.42671855
392.166	62.628981333333
392.166	47.345170166667
392.166	55.787235333333
392.166	59.178254066667
392.166	62.171664666667
392.166	49.239184266667
392.166	49.7387733
392.166	38.506612416667
392.166	33.76314025
392.166	41.21645085
392.166	44.521282166667
392.166	53.621497333333
392.166	61.093759166667
392.166	43.0018059
392.166	46.030269816667
392.166	61.996689833333
392.166	53.6090504
392.166	51.557736666667
392.166	56.3357955
392.166	38.29644195
392.166	48.579457866667
392.166	40.723949833333
392.166	41.035474
392.166	38.5764665
392.166	57.345005666667
392.166	48.852708166667
392.166	43.424380635
392.166	52.908568833333
392.166	41.8468855
392.166	53.344461333333
392.166	72.892611333333
392.166	94.787789166667
392.166	54.179593366667
392.166	52.8617875
392.166	43.342916546667
392.166	41.6343461
392.166	44.209586516667
392.166	48.222862083333
392.166	45.449476833333
392.166	49.5855045
392.166	63.560669853333
392.166	53.900040833333
392.166	42.035820333333
392.166	45.595778041667
392.166	46.089699666667
392.166	35.887138333333
392.166	27.695135
392.166	40.987882
392.166	43.373985
392.166	41.5062945
392.166	36.385214166667
392.166	43.258484466667
392.166	38.59182085
392.166	38.529178166667
392.166	33.0591139
392.166	40.308257395833
392.166	33.488108333333
392.166	29.611339833333
392.166	30.6726327
392.166	33.433653866667
392.166	47.43558955
392.166	45.916592033333
392.166	36.598770666667
392.166	36.825827
392.166	43.928150433333
392.166	32.727210606667
392.166	32.1090142
392.166	47.7184741
392.166	41.036898333333
392.166	31.156544733333
392.166	35.18768675
392.166	40.546579283333
392.166	35.629326666667
392.166	32.70076455
392.166	33.794799333333
392.166	55.5586802555
392.166	41.735089166667
392.166	45.02693475
392.166	58.052232666667
392.166	50.443704166667
392.166	43.400615066667
392.166	49.010563766667
392.166	44.3612465
392.166	41.8062455
392.166	52.496511566667
392.166	51.1263365
392.166	47.395421833333
392.166	42.489247666667
392.166	45.794524266667
392.166	37.130734
392.166	41.41391425
392.166	40.740600416667
392.166	43.18860235
392.166	42.12534995
392.166	44.96881
392.166	40.236170833333
392.166	46.586279516667
392.166	41.85165695
392.166	42.768539133333
392.166	41.73952885
392.166	38.653023883333
392.166	46.545621166667
392.166	49.117264833333
392.166	53.32716025
392.166	50.550999625
392.166	41.705411166667
392.166	43.551863616667
392.166	52.2150055
392.166	46.356079333333
392.166	47.476591166667
392.166	42.115299733333
392.166	44.295516
392.166	48.013153666667
392.166	59.122525666667
392.166	50.7857858
392.166	37.602729
392.166	44.837482166667
392.166	52.493450666667
392.166	45.078133166667
392.166	49.238234
392.166	48.356004333333
392.166	47.767753333333
392.166	42.581522683333
392.166	50.277612033333
392.166	49.271359616667
392.166	59.742049666667
392.166	61.760225166667
392.166	66.786577833333
392.166	54.918553866667
392.166	51.465042301667
392.166	40.800781833333
392.166	41.932007666667
392.166	44.9532375
392.166	42.214374333333
392.166	34.475075666667
392.166	38.086325083333
392.166	40.9104145
392.166	39.654597333333
392.166	39.646378666667
392.166	39.65276495
392.166	32.784892166667
392.166	34.61647735
392.166	44.169093666667
392.166	34.876941466667
392.166	34.284249733333
392.166	32.2578915
392.166	39.42047855
392.166	43.7189053
392.166	48.668701666667
392.166	36.483030666667
392.166	40.310738733333
392.166	46.566739233333
392.166	45.069978266667
392.166	36.791030833333
392.166	48.458920966667
392.166	51.446946883333
392.166	47.66479525
392.166	38.3449703
392.166	54.451676468333
392.166	57.754719
392.166	48.99623935
392.166	58.754092733333
392.166	53.920099
392.166	45.287764666667
392.166	62.128486666667
392.166	62.27916675
392.166	41.470877
392.166	47.4907313
392.166	52.595626666667
392.166	45.795734483333
392.166	50.8827588
392.166	49.929134666667
392.166	63.016118948333
392.166	37.0551925
392.166	52.908601166667
392.166	41.708697633333
392.166	48.013162666667
392.166	45.43279631
392.166	49.209229366667
392.166	55.457479333333
392.166	68.59521015
392.166	65.10113595
392.166	55.033274483333
392.166	56.1172075
392.166	56.67625
392.166	48.823446483333
392.166	65.650641666667
392.166	59.0479349
392.166	44.483783833333
392.166	52.571202666667
392.166	46.4421786
392.166	46.7736915
392.166	35.598629666667
392.166	53.934051666667
392.166	53.476996783333
392.166	48.772187183333
392.166	64.315411
392.166	69.981461833333
392.166	73.7389785
392.166	56.016549833333
392.166	42.2664539
392.166	52.994651166667
392.166	58.117758466667
392.166	38.8149325
392.166	51.719622683333
392.166	42.23984455
392.166	42.038247333333
392.166	31.681390383333
392.166	38.92657527
392.166	49.935765
392.166	30.893243683333
392.166	38.4554135
392.166	22.431339416667
392.166	38.14342375
392.166	40.096441733333
392.166	47.75593775
392.166	46.812623866667
392.166	45.3065455
392.166	35.616414266667
392.166	50.208521466667
392.166	52.075729166667
392.166	42.282102233333
392.166	51.342487413333
392.166	47.402161411667
392.166	48.587117333333
392.166	47.28353655
392.166	46.397491666667
392.166	38.819347166667
392.166	73.373266033333
392.166	48.688195166667
392.166	43.373510666667
392.166	43.812446333333
392.166	39.244622516667
392.166	44.908903333333
392.166	39.9902345
392.166	43.806446216667
392.166	51.914008466667
392.166	36.6248878
392.166	39.871083833333
392.166	39.588399283333
392.166	44.138478815
392.166	29.900195283333
392.166	46.497878833333
392.166	37.789365333333
392.166	56.899150433333
392.166	45.96437315
392.166	35.78978145
392.166	51.176036166667
392.166	48.794953016667
392.166	41.093378056667
392.166	48.672215666667
392.166	51.108046316667
392.166	45.0949853
392.166	40.909746833333
392.166	53.874839666667
392.166	44.93321775
392.166	42.549646316667
392.166	46.850629666667
392.166	38.418953666667
392.166	39.075949403333
392.166	39.966389333333
392.166	38.2165705
392.166	48.512097666667
392.166	50.052587
392.166	35.3841035
392.166	36.642545833333
392.166	46.140446316667
392.166	40.499396183333
392.166	46.394492733333
392.166	22.367244666667
392.166	33.764474666667
392.166	27.436879833333
392.166	38.845732533333
392.166	38.952234666667
392.166	50.2335685
392.166	54.793909666667
392.166	53.884016816667
392.166	48.176486666667
392.166	48.613922166667
392.166	51.672969
392.166	37.4061814
392.166	39.294893233333
392.166	56.982655
392.166	57.531244333333
392.166	44.564585566667
392.166	52.928704383333
392.166	51.121347666667
392.166	59.254430833333
392.166	49.48334675
392.166	42.519569166667
392.166	50.455374083333
392.166	43.244968133333
392.166	45.824637793333
392.166	48.279533183333
392.166	61.311948033333
392.166	45.54417005
392.166	39.4342677
392.166	51.72515685
392.166	63.356419
392.166	47.439819816667
392.166	47.28635555
392.166	40.238957333333
392.166	39.678196433333
392.166	41.156760666667
392.166	53.11858785
392.166	53.499150333333
392.166	55.3810884
392.166	57.186091
392.166	55.225351
392.166	53.079753166667
392.166	46.311822833333
392.166	50.931095871667
392.166	49.409949833333
392.166	57.076019823333
392.166	49.784220078333
392.166	56.110938925
392.166	53.579907833333
392.166	37.4722019
392.166	34.212323166667
392.166	43.87736505
392.166	36.032744666667
392.166	44.64525472
392.166	33.009309333333
392.166	39.480010733333
392.166	38.324153833333
392.166	46.445033431667
392.166	43.08669825
392.166	33.0255645
392.166	42.627905616667
392.166	53.447492233333
392.166	39.860240833333
392.166	36.19608914
392.166	51.921637166667
392.166	49.4041445
392.166	56.134748966667
392.166	55.462299466667
392.166	46.411863
392.166	40.231401083333
392.166	44.80302695
392.166	49.162060666667
392.166	37.135054666667
392.166	38.008330366667
392.166	41.428693533333
392.166	34.3693715
392.166	47.134030333333
392.166	52.991314483333
392.166	39.11614305
392.166	40.964760933333
392.166	53.436336233333
392.166	61.047823866667
392.166	43.500256066667
392.166	57.103749366667
392.166	75.273816
392.166	52.2307345
392.166	43.706083683333
392.166	35.07297805
392.166	34.528234333333
392.166	34.825378483333
392.166	30.455817483333
392.166	42.921620283333
392.166	35.894453116667
392.166	28.729146883333
392.166	43.835935516667
392.166	40.30591065
392.166	32.288719666667
392.166	44.1887517
392.166	36.21951215
392.166	57.766114883333
392.166	57.024982033333
392.166	55.9232531
392.166	38.559528833333
392.166	35.943918050333
392.166	49.126823466667
392.166	41.0238093
392.166	45.024697483333
392.166	40.6943925
392.166	44.471259833333
392.166	47.515980333333
392.166	41.53542735
392.166	47.275111266667
392.166	37.089836333333
392.166	51.5820555
392.166	40.30968615
392.166	50.966366833333
392.166	43.121642666667
392.166	38.566253666667
392.166	38.9006181
392.166	34.963669483333
392.166	45.56551175
392.166	47.8977765
392.166	39.7877962
392.166	53.225858733333
392.166	49.842361666667
392.166	49.472843283333
392.166	42.5555876
392.166	52.436187833333
392.166	49.546946983333
392.166	33.213024583333
392.166	36.969044666667
392.166	31.98308295
392.166	33.429892166667
392.166	34.833142115
392.166	39.447208
392.166	56.5012835
392.166	42.490365666667
392.166	51.2817285
392.166	51.760503233333
392.166	54.723031
392.166	42.183611123333
392.166	62.471283766667
392.166	70.750204333333
392.166	48.1506935
392.166	51.878910666667
392.166	57.665806666667
392.166	60.5500712
392.166	45.584825833333
392.166	51.034684653333
392.166	44.880956833333
392.166	48.695285333333
392.166	58.545076233333
392.166	68.374604333333
392.166	69.577229833333
392.166	61.524431333333
392.166	55.770098116667
392.166	59.4193952
392.166	47.71117745
392.166	48.670609333333
392.166	49.22100615
392.166	56.793705796
392.166	38.3251045
392.166	46.989967816667
392.166	34.90427524
392.166	48.879429483333
392.166	36.256069833333
392.166	39.081034995
392.166	52.026582933333
392.166	47.13626535
392.166	51.3270688
392.166	37.463923
392.166	45.76358795
392.166	38.875759666667
392.166	40.73205485
392.166	51.697727166667
392.166	72.754261883333
392.166	62.807626416667
392.166	44.911784866667
392.166	52.8821454
392.166	34.227760833333
392.166	44.18573985
392.166	34.246321633333
392.166	52.384727333333
392.166	43.391912333333
392.166	59.022799783333
392.166	51.7210355
392.166	39.186288
392.166	48.401191666667
392.166	39.483670516667
392.166	47.686773183333
392.166	44.89799
392.166	61.176768333333
392.166	66.779135166667
392.166	65.077939166667
392.166	71.430422266667
392.166	54.2899565
392.166	43.726774183333
392.166	55.88875
392.166	64.183966116667
392.166	55.702924
392.166	71.731796
392.166	50.925988333333
392.166	46.428349833333
392.166	51.652411166667
392.166	66.10153545
392.166	59.361252166667
392.166	65.741431515
392.166	58.495329083333
392.166	32.367316166667
392.166	39.2685395
392.166	38.205733416667
392.166	41.0306665
392.166	43.971284666667
392.166	45.731551833333
392.166	39.643470933333
392.166	35.551469683333
392.166	32.3828775
392.166	47.9766165
392.166	38.670057166667
392.166	50.014514833333
392.166	47.3980695
392.166	42.52528
392.166	32.245415833333
392.166	29.801003333333
392.166	34.665402316667
392.166	43.540918833333
392.166	34.57792935
392.166	46.83738131
392.166	33.9171347385
392.166	49.50212355
392.166	46.242525
392.166	57.738398833333
392.166	69.301700333333
392.166	64.670545
392.166	55.272738483333
392.166	45.507289666667
392.166	59.209702763333
392.166	57.355470066667
392.166	43.775252583333
392.166	57.018244191667
392.166	38.091467346667
392.166	56.158186283333
392.166	41.383860673333
392.166	55.445248166667
392.166	77.439228666667
392.166	73.175543666667
392.166	54.371372696667
392.166	39.940119633333
392.166	38.010418866667
392.166	40.48489055
392.166	38.6035814
392.166	56.132145566667
392.166	37.649391833333
392.166	33.463227833333
392.166	40.122974333333
392.166	38.9086875
392.166	48.266835
392.166	56.764492295167
392.166	48.2192847
392.166	54.74611315
392.166	39.109462366667
392.166	36.98361775
392.166	34.994440166667
392.166	28.736356666667
392.166	43.465910466667
392.166	46.628434366667
392.166	58.1655
392.166	56.63058725
392.166	41.366837016
392.166	37.8422965
392.166	42.914708786667
392.166	41.411391
392.166	49.545213
392.166	43.65501
392.166	48.986211616667
392.166	45.3924002
392.166	40.092580146667
392.166	54.642081
392.166	49.612496833333
392.166	38.435114833333
392.166	46.516280833333
392.166	62.738460333333
392.166	48.469502
392.166	62.534471333333
392.166	69.806833333333
392.166	60.900861266667
392.166	74.842974166667
392.166	48.104740333333
392.166	37.684695733333
392.166	49.486939333333
392.166	55.565706716667
392.166	38.2469617
392.166	54.218199333333
392.166	67.030677603333
392.166	47.78788555
392.166	44.670015166667
392.166	53.672434333333
392.166	55.4974015
392.166	51.890859358333
392.166	42.3313745
392.166	56.113927616667
392.166	77.9983485
392.166	75.019833116667
392.166	70.547832683333
392.166	63.326957966667
392.166	60.381391
392.166	53.569334166667
392.166	64.794282091667
392.166	59.516887833333
392.166	49.540882333333
392.166	49.34091335
392.166	59.565933166667
392.166	65.8760955
392.166	51.705957666667
392.166	37.246213883333
392.166	55.539605083333
392.166	44.377267283333
392.166	51.373849616667
392.166	39.5439961
392.166	55.048226766667
392.166	46.439087833333
392.166	55.892387283333
392.166	48.17303635
392.166	43.193799958333
392.166	38.459022333333
392.166	34.360211333333
392.166	45.362044498
392.166	54.692934166667
392.166	38.017595566667
392.166	47.3601005
392.166	50.208391216667
392.166	49.301588722167
392.166	63.13178415
392.166	57.784465666667
392.166	62.939423
392.166	64.0010703
392.166	52.9758071
392.166	63.532313833333
392.166	67.85230575
392.166	62.672945333333
392.166	61.38198265
392.166	61.837968833333
392.166	68.5109755
392.166	56.156579
392.166	56.033071166667
392.166	68.552986166667
392.166	45.811736983333
392.166	49.348247245
392.166	50.640388333333
392.166	45.068306433333
392.166	65.021720666667
392.166	39.4975722
392.166	47.546734333333
392.166	33.7391395
392.166	37.554923166667
392.166	53.757028166667
392.166	46.912934
392.166	45.231879366667
392.166	50.905090766667
392.166	51.358585833333
392.166	73.017214
392.166	43.821750316667
392.166	55.1705363
392.166	47.398728
392.166	50.395445783333
392.166	52.463379980333
392.166	43.399032283333
392.166	53.071305083333
392.166	49.067678166667
392.166	52.43092
392.166	33.260784383333
392.166	40.372010983333
392.166	45.523598666667
392.166	62.623542333333
392.166	62.732147333333
392.166	55.750777033333
392.166	67.287811666667
392.166	59.7425345
392.166	44.6006395
392.166	42.266883316667
392.166	42.644206583333
392.166	43.014632883333
392.166	54.200033283333
392.166	43.733847333333
392.166	57.938892895
392.166	59.037475166667
392.166	56.7004326
392.166	62.2819416
392.166	53.217395833333
392.166	38.008918033333
392.166	41.7893265
392.166	47.988185
392.166	46.474978166667
392.166	45.91719875
392.166	46.940719666667
392.166	59.464443833333
392.166	55.443134166667
392.166	40.9837419
392.166	41.621233
392.166	36.432385533333
392.166	58.3507035
392.166	51.923611716667
392.166	48.929853183333
392.166	55.957989333333
392.166	39.3735995
392.166	37.042657333333
392.166	49.510337783333
392.166	54.437304333333
392.166	61.42713
392.166	49.213944833333
392.166	42.072137833333
392.166	38.752468683333
392.166	35.362838833333
392.166	27.260035511667
392.166	30.765538166667
392.166	48.1235015
392.166	38.952588885
392.166	41.72372175
392.166	35.148750916667
392.166	38.460396833333
392.166	47.13162775
392.166	58.565171333333
392.166	55.3790525
392.166	58.638091648333
392.166	50.201534065
392.166	77.751364966667
392.166	80.242952833333
392.166	66.852462666667
392.166	47.0337555
392.166	59.002684
392.166	59.063636366667
392.166	40.560165333333
392.166	40.5440715
392.166	43.417076516667
392.166	45.406660583333
392.166	49.349310166667
392.166	52.248565083333
392.166	47.979294313333
392.166	43.390375266667
392.166	49.600017666667
392.166	35.874853766667
392.166	43.064051333333
392.166	50.431486833333
392.166	54.95243385
392.166	55.336567666667
392.166	47.671453263333
392.166	49.119458
392.166	42.013624966667
392.166	39.44479125
392.166	29.65134855
392.166	36.725314928333
392.166	38.439629066667
392.166	59.047665016667
392.166	40.332512861667
392.166	53.614230416667
392.166	40.176481833333
392.166	43.753077316667
392.166	47.1353525
392.166	29.2549455
392.166	37.10869055
392.166	30.992480316667
392.166	41.26840165
392.166	43.367453
392.166	41.778173733333
392.166	49.833163166667
392.166	42.9882301
392.166	40.441614333333
392.166	48.164753166667
392.166	38.64483642
392.166	40.151973298333
392.166	30.184538781667
392.166	34.254995833333
392.166	48.689495533333
392.166	56.563731166667
392.166	60.385413833333
392.166	71.546942333333
392.166	55.380602333333
392.166	55.812930766667
392.166	44.5014753
392.166	45.830516175
392.166	46.186705833333
392.166	50.871735666667
392.166	92.221440266667
392.166	47.520841333333
392.166	53.422728833333
392.166	47.133427166667
392.166	42.944916816667
392.166	46.256399666667
392.166	49.129735
392.166	47.25117085
392.166	41.130076633333
392.166	41.929103433333
392.166	48.586575183333
392.166	59.22437975
392.166	63.106390623333
392.166	42.341627966667
392.166	49.528618433333
392.166	68.1064665
392.166	47.14323795
392.166	34.123551333333
392.166	55.437968016667
392.166	52.958663366667
392.166	55.038108266667
392.166	59.942346166667
392.166	61.918438166667
392.166	54.20404505
392.166	62.505996166667
392.166	41.095630941667
392.166	38.3042135
392.166	43.791495
392.166	44.580934183333
392.166	49.5142615
392.166	48.097881983333
392.166	43.912868333333
392.166	41.548688783333
392.166	36.558240166667
392.166	63.3354207
392.166	59.030574166667
392.166	45.1296989
392.166	45.713110656667
392.166	68.569217566667
392.166	56.7303955
392.166	58.42042495
392.166	74.013338783333
392.166	40.414520666667
392.166	59.81169115
392.166	48.1953752
392.166	48.315528646667
392.166	44.930962883333
392.166	73.827746766667
392.166	57.80414745
392.166	47.765581605
392.166	45.327985333333
392.166	36.234100666667
392.166	49.323422166667
392.166	48.286605
392.166	72.612013116667
392.166	87.7590265
392.166	72.019080166667
392.166	73.8265925
392.166	56.828812333333
392.166	61.773886118333
392.166	47.023541333333
392.166	57.021691733333
392.166	60.1393679
392.166	71.484127735
392.166	64.044187166667
392.166	50.3574345
392.166	57.601563833333
392.166	36.571403833333
392.166	44.205594333333
392.166	59.24071565
392.166	46.9775445
392.166	50.654225666667
392.166	53.35008921
392.166	37.469031166667
392.166	46.074319883333
392.166	47.253548766667
392.166	45.0456365
392.166	60.44781285
392.166	47.97326545
392.166	27.20814296
392.166	37.160898666667
392.166	42.351470333333
392.166	52.251277295
392.166	54.703231333333
392.166	81.1917755
392.166	51.718894166667
392.166	51.247602666667
392.166	54.810867016667
392.166	49.576909258333
392.166	51.863984833333
392.166	51.042659
392.166	48.309072483333
392.166	41.678560333333
392.166	32.297377083333
392.166	33.22978305
392.166	35.719219483333
392.166	37.610728766667
392.166	39.028428733333
392.166	55.70882385
392.166	71.8311645
392.166	59.1559896
392.166	58.916862733333
392.166	43.464840616667
392.166	32.155308966667
392.166	40.992495666667
392.166	38.376777483333
392.166	36.9915923
392.166	41.730768
392.166	42.512774166667
392.166	46.355556183333
392.166	34.1638552
392.166	56.22149165
392.166	56.0091945
392.166	46.623373566667
392.166	47.512841816667
392.166	41.686747533333
392.166	38.384996333333
392.166	30.2940144
392.166	36.086172133333
392.166	36.5789075
392.166	54.035039866667
392.166	46.9710475
392.166	54.696704166667
392.166	40.653761966667
392.166	50.612426
392.166	47.379677
392.166	44.768932
392.166	57.471835116667
392.166	45.797258833333
392.166	52.884780016667
392.166	57.55250535
392.166	60.675293666667
392.166	57.746874333333
392.166	60.558415
392.166	40.905188333333
392.166	37.7802842
392.166	37.26844545
392.166	48.25312245
392.166	53.7568545
392.166	52.738738766667
392.166	67.584044166667
392.166	55.779320655
392.166	49.129783683333
392.166	42.490881
392.166	52.849174766667
392.166	50.84789365
392.166	41.786965833333
392.166	34.41707665
392.166	26.859358716667
392.166	38.071671666667
392.166	38.712989333333
392.166	49.590753333333
392.166	53.620502023333
392.166	44.718983166667
392.166	41.809044116667
392.166	48.876806533333
392.166	41.023519433333
392.166	39.973393966667
392.166	37.570960166667
392.166	36.1967357
392.166	47.8294275
392.166	38.32206475
392.166	49.460230833333
392.166	33.409
392.166	53.533023666667
392.166	61.44261982
392.166	42.079528333333
392.166	47.23872745
392.166	54.048694983333
392.166	40.7606390815
392.166	47.127400166667
392.166	48.023230666667
392.166	42.670990333333
392.166	34.950233866667
392.166	42.0672618
392.166	38.572432983333
392.166	37.3545478
392.166	47.589477166667
392.166	46.165835833333
392.166	41.9959173
392.166	53.928485546667
392.166	44.379237
392.166	53.095723683333
392.166	41.742752
392.166	47.615273833333
392.166	44.107210166667
392.166	41.844852666667
392.166	40.75543711
392.166	39.097419666667
392.166	35.4966567
392.166	33.272169333333
392.166	41.084964546667
392.166	48.933718666667
392.166	40.221881483333
392.166	39.5336685
392.166	33.4014263
392.166	53.37428505
392.166	48.779524266667
392.166	43.6404271
392.166	40.694743071667
392.166	45.950270716667
392.166	51.611387
392.166	48.6480245
392.166	42.911842566667
392.166	39.847481683333
392.166	46.691371
392.166	57.5315085
392.166	50.129410566667
392.166	47.568040166667
392.166	40.59969835
392.166	41.366464416667
392.166	40.770709666667
392.166	49.194971633333
392.166	47.558535333333
392.166	45.654369116667
392.166	51.4096765
392.166	39.5179685
392.166	44.258867578333
392.166	33.478729066667
392.166	49.015024333333
392.166	38.11023945
392.166	42.29379875
392.166	46.680541833333
392.166	33.181803166667
392.166	40.81257145
392.166	41.000918983333
392.166	31.882774166667
392.166	38.561743833333
392.166	39.734438166667
392.166	45.999511333333
392.166	61.429132333333
392.166	44.540735
392.166	37.990310466667
392.166	43.630487333333
392.166	45.377624833333
392.166	47.042000966667
392.166	50.264944333333
392.166	49.901072666667
392.166	40.796831666667
392.166	50.579648666667
392.166	35.158453966667
392.166	29.2324138
392.166	47.371797
392.166	50.27010915
392.166	40.776477895
392.166	28.280963166667
392.166	31.771290153333
392.166	55.1562035
392.166	35.069977991667
392.166	39.70336105
392.166	50.546666866667
392.166	31.88601145
392.166	52.373791333333
392.166	53.3564129
392.166	51.109554833333
392.166	65.728152666667
392.166	51.40302315
392.166	56.216570833333
392.166	39.536662066667
392.166	57.918758733333
392.166	59.133927333333
392.166	68.492433666667
392.166	47.615965666667
392.166	52.522068
392.166	52.096242
392.166	45.160957166667
392.166	44.793152166667
392.166	32.606926733333
392.166	40.401498166667
392.166	50.780704433333
392.166	32.557577833333
392.166	43.296198833333
392.166	33.383068833333
392.166	53.237883
392.166	37.640480316667
392.166	35.179936166667
392.166	26.821781633333
392.166	41.2606176
392.166	32.434046433333
392.166	36.602612333333
392.166	35.619532166667
392.166	32.911160221667
392.166	33.7169335
392.166	41.324107666667
392.166	45.001974383333
392.166	37.769444333333
392.166	46.657754866667
392.166	47.149480666667
392.166	46.459146
392.166	43.704484166667
392.166	50.074782166667
392.166	43.934430383333
392.166	66.4162406
392.166	48.465481433333
392.166	43.147023683333
392.166	52.933324366667
392.166	42.641057
392.166	56.999237898333
392.166	35.196732366667
392.166	42.424477133333
392.166	49.896367916667
392.166	45.521148166667
392.166	59.170604333333
392.166	49.885801916667
392.166	42.0939859
392.166	37.206364666667
392.166	51.620854333333
392.166	44.790707333333
392.166	44.400199
392.166	41.459471833333
392.166	38.1614925
392.166	35.006518333333
392.166	35.2499264
392.166	55.689023166667
392.166	40.6487272
392.166	45.19059905
392.166	73.5079204
392.166	56.733177833333
392.166	68.579971216667
392.166	61.239636333333
392.166	43.991709158333
392.166	44.8817145
392.166	49.6411715
392.166	55.253305833333
392.166	44.461850133333
392.166	37.586126233333
392.166	55.423533
392.166	62.251187083333
392.166	65.145725166667
392.166	54.046997
392.166	43.729435333333
392.166	39.216705
392.166	41.964844416667
392.166	39.563077933333
392.166	32.638679011667
392.166	32.820688166667
392.166	28.412080016667
392.166	41.776272333333
392.166	40.229596666667
392.166	44.577356
392.166	52.372485833333
392.166	52.3414955
392.166	54.395861166667
392.166	75.154146833333
392.166	76.168014333333
392.166	54.228800733333
392.166	67.004198333333
392.166	65.010715833333
392.166	49.842317383333
392.166	52.798521
392.166	37.691031833333
392.166	46.252827833333
392.166	51.8909305
392.166	53.628161666667
392.166	58.833542833333
392.166	55.112554666667
392.166	39.563890533333
392.166	50.7952397
392.166	52.04927625
392.166	61.955504833333
392.166	46.113803783333
392.166	40.168184
392.166	52.837855166667
392.166	34.2882415
392.166	43.29537915
392.166	52.545993316667
392.166	60.353111
392.166	42.599280333333
392.166	48.546008866667
392.166	37.043042608333
392.166	46.659926833333
392.166	49.628383666667
392.166	49.944822866667
392.166	58.643185983333
392.166	56.156994783333
392.166	50.476874533333
392.166	41.475451666667
392.166	36.01877285
392.166	31.178884266667
392.166	34.548647506667
392.166	42.354231816667
392.166	61.998795383333
392.166	82.890622033333
392.166	45.2266835
392.166	50.810052333333
392.166	57.589323366667
392.166	34.0999905
392.166	53.7439425
392.166	52.772236225
392.166	47.490451733333
392.166	37.1675885
392.166	37.991009833333
392.166	46.701736
392.166	38.19269695
392.166	37.998347
392.166	42.167380333333
392.166	34.413900633333
392.166	38.8990647
392.166	55.451492016667
392.166	64.702389283333
392.166	75.783725333333
392.166	50.020616666667
392.166	42.166380333333
392.166	43.9222857
392.166	44.9318545
392.166	70.193649166667
392.166	59.6087665
392.166	50.409810133333
392.166	61.031997383333
392.166	50.677583433333
392.166	41.17722715
392.166	55.709185416667
392.166	56.87813755
392.166	63.688038666667
392.166	55.4549632
392.166	53.32968495
392.166	60.141149233333
392.166	60.5276
392.166	53.376888
392.166	60.548978316667
392.166	38.25464
392.166	53.762966533333
392.166	47.623632933333
392.166	45.695348
392.166	43.674289433333
392.166	39.3878507
392.166	46.20425885
392.166	51.190389833333
392.166	47.340221833333
392.166	43.823933166667
392.166	41.01258595
392.166	48.957474166667
392.166	36.999056466667
392.166	44.5404035
392.166	58.936188166667
392.166	60.650997
392.166	43.2482513
392.166	29.317027
392.166	52.348175266667
392.166	61.9689615
392.166	49.358380626667
392.166	49.691354116667
392.166	47.792718
392.166	60.249164166667
392.166	43.4087337
392.166	30.575706
392.166	34.335282166667
392.166	34.510849733333
392.166	34.5660694
392.166	32.76995575
392.166	34.892386981667
392.166	31.609513983333
392.166	30.380966883333
392.166	39.4375007
392.166	47.538600583333
392.166	50.007538083333
392.166	49.381662
392.166	35.371177266667
392.166	58.010767166667
392.166	41.42624733
392.166	26.9943665
392.166	27.5641269
392.166	39.445175281667
392.166	52.184982436667
392.166	61.339773833333
392.166	44.548021933333
392.166	57.26788313
392.166	59.299573666667
392.166	48.994295
392.166	54.4446365
392.166	45.290820833333
392.166	41.037687166667
392.166	54.4461575
392.166	58.823755833333
392.166	35.14312235
392.166	51.055249716667
392.166	44.448385833333
392.166	43.3682138
392.166	47.07191765
392.166	49.715022483333
392.166	61.313628166667
392.166	55.756316466667
392.166	45.8929209
392.166	47.631056666667
392.166	43.65472082
392.166	38.7342739
392.166	60.8018275
392.166	42.5841006
392.166	48.737321833333
392.166	34.365309116667
392.166	34.29562405
392.166	29.545558666667
392.166	39.006829966667
392.166	46.549603333333
392.166	40.069107683333
392.166	39.857211666667
392.166	53.783308333333
392.166	44.0354485
392.166	34.3428285
392.166	36.3000293
392.166	35.523175333333
392.166	34.96076195
392.166	47.616439616667
392.166	43.478267333333
392.166	36.774126333333
392.166	59.842894
392.166	65.682057433333
392.166	42.093715833333
392.166	52.537940166667
392.166	57.000421166667
392.166	63.648036
392.166	56.455457166667
392.166	45.461000283333
392.166	53.706211333333
392.166	57.769309183333
392.166	50.410012933333
392.166	38.2657795
392.166	47.717849166667
392.166	52.35147095
392.166	31.903030033333
392.166	32.802174766667
392.166	37.96516065
392.166	47.503066394667
392.166	50.1734022275
392.166	37.6684005
392.166	46.12335
392.166	70.7421207
392.166	53.413582333333
392.166	47.770660016667
392.166	71.8262665
392.166	50.840878833333
392.166	53.845815833333
392.166	63.290848916667
392.166	56.994108016667
392.166	67.324205216667
392.166	45.8359555
392.166	47.43129
392.166	50.25690672
392.166	46.143044833333
392.166	43.920141
392.166	47.213723166667
392.166	56.990145333333
392.166	48.267679833333
392.166	67.249215666667
392.166	55.037107166667
392.166	52.308243
392.166	45.29259945
392.166	55.80841685
392.166	49.773626816667
392.166	59.035456
392.166	50.101524533333
392.166	46.889781866667
392.166	48.387374833333
392.166	47.509849766667
392.166	55.953749083333
392.166	36.485459
392.166	50.948160216667
392.166	47.928823166667
392.166	50.213201333333
392.166	48.627320333333
392.166	69.1909465
392.166	59.183279333333
392.166	47.629973833333
392.166	50.99656225
392.166	44.624059833333
392.166	35.683366433333
392.166	40.801366416667
392.166	37.93327765
392.166	42.590272166667
392.166	57.03912315
392.166	69.280170666667
392.166	65.0125825
392.166	65.016078166667
392.166	59.575845666667
392.166	56.594012
392.166	51.617894166667
392.166	57.111239733333
392.166	64.579381
392.166	49.4828605
392.166	46.946772833333
392.166	40.439654333333
392.166	43.3072342
392.166	53.9264869
392.166	56.087047133333
392.166	49.578246833333
392.166	49.626063
392.166	44.4452383
392.166	52.6874654
392.166	52.211157
392.166	48.738208833333
392.166	50.896127166667
392.166	52.588796883333
392.166	62.125517748167
392.166	57.091257333333
392.166	37.481271
392.166	56.925502666667
392.166	44.598943783333
392.166	53.132112833333
392.166	53.33134665
392.166	42.643095573667
392.166	40.3452121
392.166	50.489232666667
392.166	35.602297548333
392.166	45.3234525
392.166	45.676039666667
392.166	45.838709666667
392.166	39.879130633333
392.166	43.098827483333
392.166	36.644684383333
392.166	31.0521361
392.166	51.6819235
392.166	49.238007166667
392.166	44.758760876667
392.166	39.7886391
392.166	33.264157533333
392.166	44.21808005
392.166	47.889716683333
392.166	45.16475105
392.166	59.420942333333
392.166	50.0794375
392.166	37.873976333333
392.166	43.8544265
392.166	51.185380016667
392.166	48.0882285
392.166	39.4269085
392.166	54.135688066667
392.166	45.277425966667
392.166	54.909084666667
392.166	49.5214265
392.166	51.2146385
392.166	44.3954205
392.166	49.172666933333
392.166	54.918694333333
392.166	55.371525483333
392.166	60.42394755
392.166	52.708887883333
392.166	54.665769833333
392.166	58.20292295
392.166	46.70622845
392.166	56.1125675
392.166	60.532952166667
392.166	41.763076333333
392.166	42.545972166667
392.166	46.189678098333
392.166	64.4649849
392.166	55.6015589
392.166	47.300785333333
392.166	54.949197666667
392.166	41.920034016667
392.166	63.43026665
392.166	40.2388275
392.166	57.5743165
392.166	47.4845057
392.166	44.983466533333
392.166	48.95885345
392.166	59.484648166667
392.166	55.882543166667
392.166	59.4849525
392.166	49.789803666667
392.166	44.7271369
392.166	47.368236166667
392.166	42.958846565
392.166	56.0830069
392.166	54.582175333333
392.166	51.718524433333
392.166	47.158575
392.166	35.425159333333
392.166	58.977462833333
392.166	64.333278666667
392.166	53.120217233333
392.166	63.191832666667
392.166	48.033521666667
392.166	50.39897535
392.166	59.74215595
392.166	56.5321217
392.166	62.804686666667
392.166	49.652590366667
392.166	43.304229013333
392.166	52.237224833333
392.166	47.781582933333
392.166	64.802816683333
392.166	43.427434
392.166	52.686947733333
392.166	61.400751166667
392.166	74.999372166667
392.166	39.501236
392.166	49.35869415
392.166	36.110413733333
392.166	36.97300095
392.166	34.012472333333
392.166	39.540124666667
392.166	38.165267983333
392.166	32.521594272833
392.166	31.8429846
392.166	31.051644333333
392.166	43.35227636
392.166	40.595479833333
392.166	32.370922166667
392.166	38.78944815
392.166	36.2991218
392.166	39.110365666667
392.166	35.2561728
392.166	38.03421945
392.166	26.5533295
392.166	45.5343799
392.166	40.547031233333
392.166	40.915431833333
392.166	53.942191833333
392.166	54.487739783333
392.166	51.028973216667
392.166	48.80897945
392.166	61.216994833333
392.166	61.565058166667
392.166	59.742662
392.166	45.797803083333
392.166	43.0128841
392.166	34.607261666667
392.166	40.08987815
392.166	36.028577248333
392.166	44.928098116667
392.166	41.221478166667
392.166	49.438111983333
392.166	49.636733333333
392.166	62.103757266667
392.166	47.10626698
392.166	62.015142166667
392.166	57.317751616667
392.166	63.933874583333
392.166	42.434814016667
392.166	60.436501121667
392.166	57.939115333333
392.166	41.2909406
392.166	50.1283235
392.166	43.391034996667
392.166	63.196320716667
392.166	58.591874966667
392.166	51.816299666667
392.166	42.7585395
392.166	40.2606837
392.166	57.932334833333
392.166	43.465438166667
392.166	51.4304952
392.166	56.4089385
392.166	65.329314666667
392.166	59.330147666667
392.166	62.056199366667
392.166	51.669083316667
392.166	57.557963866667
392.166	60.430528166667
392.166	58.13123935
392.166	33.3220365
392.166	30.3844642
392.166	62.57038875
392.166	51.6336755
392.166	48.367579166667
392.166	43.8476948
392.166	35.963522833333
392.166	42.681588133333
392.166	39.8262755
392.166	29.60464365
392.166	45.351441366667
392.166	47.403977926667
392.166	39.751818295
392.166	30.131795033333
392.166	59.4604257
392.166	51.276856
392.166	32.275838016667
392.166	39.087586383333
392.166	41.931512516667
392.166	34.46902255
392.166	51.239313733333
392.166	38.94144065
392.166	43.731651716667
392.166	43.708743833333
392.166	33.732522333333
392.166	36.4202922515
392.166	33.975344099833
392.166	42.569828683333
392.166	55.634533666667
392.166	47.172895166667
392.166	57.794395666667
392.166	66.234716166667
392.166	66.190702166667
392.166	59.21835
392.166	49.56398925
392.166	42.430746833333
392.166	47.272690533333
392.166	32.903733333333
392.166	41.8371182
392.166	51.4533407
392.166	49.618331166667
392.166	46.102179466667
392.166	47.208113166667
392.166	45.967366
392.166	45.4428103
392.166	65.967221333333
392.166	65.238702333333
392.166	55.468486666667
392.166	59.996995666667
392.166	56.723924883333
392.166	53.061671333333
392.166	51.682257566667
392.166	56.746027
392.166	61.689415166667
392.166	40.698191166667
392.166	35.499906933333
392.166	27.645438166667
392.166	32.915472516667
392.166	34.99076
392.166	51.8960669
392.166	37.919593666667
392.166	48.718944
392.166	55.433687166667
392.166	55.123901233333
392.166	38.357984166667
392.166	49.319254166667
392.166	39.563931666667
392.166	38.566997666667
392.166	32.545768833333
392.166	52.40145865
392.166	41.958653183333
392.166	43.474893183333
392.166	46.501177316667
392.166	52.20740115
392.166	39.16355
392.166	65.755805
392.166	44.651946766667
392.166	42.944947083333
392.166	34.103484333333
392.166	38.697818
392.166	47.771360016667
392.166	41.110695666667
392.166	49.351609666667
392.166	39.376400333333
392.166	33.93125305
392.166	38.56540805
392.166	35.225610866667
392.166	38.276991336667
392.166	38.357361833333
392.166	51.57714226
392.166	43.557726983333
392.166	46.884447583333
392.166	50.813279316667
392.166	39.036689833333
392.166	35.859451583333
392.166	36.847391333333
392.166	49.694641
392.166	34.2932459
392.166	43.593952583333
392.166	42.8955515
392.166	45.82317665
392.166	59.4896925
392.166	74.888013666667
392.166	67.863988
392.166	64.7275405
392.166	56.643196833333
392.166	51.744437166667
392.166	37.191895166667
392.166	51.140075833333
392.166	45.446053766667
392.166	59.859122
392.166	59.4603055
392.166	43.45243425
392.166	48.779533816667
392.166	35.503046333333
392.166	27.562914166667
392.166	33.503556483333
392.166	34.9713606
392.166	49.30663003
392.166	44.3897921
392.166	48.08082
392.166	58.678762616667
392.166	38.6235574
392.166	39.276938466667
392.166	38.593905866667
392.166	46.807118883333
392.166	40.580106833333
392.166	25.502804316667
392.166	36.111887
392.166	49.062055016667
392.166	44.121448333333
392.166	48.393232541667
392.166	51.429700833333
392.166	41.257364833333
392.166	49.498374
392.166	60.680983333333
392.166	36.551627666667
392.166	45.669691333333
392.166	33.732105233333
392.166	38.979904383333
392.166	53.847972683333
392.166	57.185869166667
392.166	62.442790833333
392.166	62.43388825
392.166	64.68953935
392.166	61.097957
392.166	57.074359116667
392.166	80.489776716667
392.166	45.7421091
392.166	46.49159
392.166	61.052171333333
392.166	46.402381333333
392.166	47.30538065
392.166	62.822440833333
392.166	58.044949533333
392.166	51.236082833333
392.166	45.504816
392.166	55.355211833333
392.166	35.205529833333
392.166	47.666750666667
392.166	53.311025333333
392.166	51.5063526
392.166	49.510002233333
392.166	44.052164966667
392.166	40.862695316667
392.166	57.194780396667
392.166	61.6598095
392.166	55.127062
392.166	53.154989116667
392.166	50.216076666667
392.166	59.317020833333
392.166	42.199934166667
392.166	47.637312333333
392.166	64.6244101
392.166	73.869996833333
392.166	51.522786833333
392.166	43.934976933333
392.166	39.865877116667
392.166	30.98991652
392.166	31.79189295
392.166	34.61661195
392.166	32.924898183333
392.166	26.247415833333
392.166	39.577169583333
392.166	51.772157333333
392.166	55.494059333333
392.166	32.7874435
392.166	27.65834205
392.166	29.161317983333
392.166	38.68138425
392.166	41.8012118
392.166	51.3947285
392.166	34.833694166667
392.166	40.786660083333
392.166	41.588472833333
392.166	57.23206425
392.166	46.368898583333
392.166	56.283638833333
392.166	46.827817783333
392.166	48.987757833333
392.166	50.756484833333
392.166	56.542648316667
392.166	45.868890983333
392.166	58.514929833333
392.166	49.091074833333
392.166	43.349434
392.166	56.407908833333
392.166	59.701392466667
392.166	40.715233766667
392.166	40.340989883333
392.166	45.6560095
392.166	52.422925666667
392.166	55.588014166667
392.166	69.413898833333
392.166	40.40768715
392.166	37.186802233333
392.166	48.70857156545
392.166	40.575221635167
392.166	39.614242533333
392.166	43.094282183333
392.166	48.162989133333
392.166	52.487313838333
392.166	43.954241916667
392.166	31.581395166667
392.166	45.8636365
392.166	50.189337333333
392.166	64.810744833333
392.166	72.454768333333
392.166	58.9837361
392.166	46.349756833333
392.166	49.411565466667
392.166	46.1415736
392.166	51.199555116667
392.166	36.543042666667
392.166	47.669882
392.166	44.586594183333
392.166	57.953943333333
392.166	52.468449
392.166	47.8376195
392.166	43.698511433333
392.166	39.050687883333
392.166	33.785212833333
392.166	40.297315166667
392.166	36.042446966667
392.166	44.04584658
392.166	63.589518483333
392.166	50.7716645
392.166	54.247213333333
392.166	49.6755565
392.166	42.0446795
392.166	45.376509566667
392.166	38.518560466667
392.166	40.31331325
392.166	56.965934
392.166	52.051570333333
392.166	60.128140333333
392.166	52.585022936667
392.166	58.276241166667
392.166	73.453590833333
392.166	55.263795014167
392.166	46.721569616667
392.166	36.32378285
392.166	30.796880016667
392.166	54.708292
392.166	57.62597
392.166	52.52387
392.166	76.714955333333
392.166	65.031964963333
392.166	63.71501133
392.166	58.2612243
392.166	55.747092833333
392.166	43.337697333333
392.166	50.594661
392.166	60.4741565
392.166	43.111606301667
392.166	50.039991416667
392.166	40.1337955
392.166	33.640951313333
392.166	32.429978543333
392.166	36.9157041
392.166	38.4562212
392.166	33.18307125
392.166	50.1067984
392.166	46.1571035
392.166	44.6525399
392.166	35.42779715
392.166	38.103100016667
392.166	34.379973133333
392.166	41.919282166667
392.166	29.602819013333
392.166	50.648937586667
392.166	58.198763
392.166	53.909445783333
392.166	42.240970833333
392.166	48.07511645
392.166	44.527797266667
392.166	69.46383
392.166	60.561564983333
392.166	64.202363433333
392.166	54.940850716667
392.166	37.462176355
392.166	31.598273883333
392.166	53.847404648333
392.166	56.944855833333
392.166	48.27903945
392.166	38.5472866
392.166	49.996348216667
392.166	34.5456537
392.166	42.278727
392.166	40.117173783333
392.166	47.379529416667
392.166	49.97152645
392.166	37.673048833333
392.166	42.670392733333
392.166	50.246255433333
392.166	51.280150666667
392.166	38.934526333333
392.166	56.288556633333
392.166	59.078987533333
392.166	60.908036
392.166	57.794257666667
392.166	51.424343133333
392.166	62.050550616667
392.166	60.204628666667
392.166	49.758391333333
392.166	44.357025133333
392.166	46.856556516667
392.166	54.38055435
392.166	74.720208
392.166	87.1817395
392.166	80.541233833333
392.166	50.93514255
392.166	57.896494666667
392.166	73.6002485
392.166	57.878219333333
392.166	51.084186
392.166	51.704377
392.166	38.207371933333
392.166	40.946454808333
392.166	66.196966
392.166	46.057773223333
392.166	63.409793316667
392.166	51.1137765
392.166	66.04167525
392.166	55.772858166667
392.166	55.543098966667
392.166	50.797019983333
392.166	50.649130333333
392.166	39.217859166667
392.166	45.28007245
392.166	54.163579166667
392.166	49.33331135
392.166	42.824740733333
392.166	52.282438166667
392.166	65.887721283333
392.166	59.5816155
392.166	62.567733616667
392.166	63.420298333333
392.166	56.3190745
392.166	52.341680833333
392.166	49.197355166667
392.166	28.439406333333
392.166	41.8130693
392.166	36.984155983333
392.166	52.586063883333
392.166	45.625715466667
392.166	68.102251666667
392.166	45.682965933333
392.166	35.642955716667
392.166	47.1835455
392.166	40.366334383333
392.166	45.018417216667
392.166	46.172539833333
392.166	42.289510566667
392.166	34.619618716667
392.166	38.166573133333
392.166	32.575136483333
392.166	42.513381666667
392.166	30.7477985
392.166	47.5541305
392.166	42.160570166667
392.166	44.5280367
392.166	46.221246033333
392.166	44.401439
392.166	39.84138895
392.166	31.315713166667
392.166	32.257510333333
392.166	59.699995666667
392.166	51.7548935
392.166	41.884318
392.166	36.510124328333
392.166	35.100929333333
392.166	50.138290166667
392.166	32.1703167
392.166	36.0127865
392.166	36.323244433333
392.166	32.417922333333
392.166	47.196676166667
392.166	52.030865833333
392.166	43.7290615
392.166	34.4411529
392.166	38.74052415
392.166	36.000910066667
392.166	55.181229
392.166	26.20600225
392.166	27.547784766667
392.166	39.276119066667
392.166	31.008231323333
392.166	26.562982433333
392.166	35.723536
392.166	38.842547683333
392.166	59.926362133333
392.166	44.122873
392.166	44.419972666667
392.166	54.701631666667
392.166	46.304262833333
392.166	49.978880433333
392.166	42.006711233333
392.166	36.906733833333
392.166	47.608255016667
392.166	40.3164695
392.166	44.932164166667
392.166	39.41076515
392.166	42.94426365
392.166	51.712127
392.166	38.707808916667
392.166	39.528131525
392.166	33.41916805
392.166	40.093811216667
392.166	36.994036166667
392.166	37.435660316667
392.166	61.645149166667
392.166	40.926922483333
392.166	32.741306833333
392.166	29.364272833333
392.166	27.53363035
392.166	37.38876715
392.166	44.389716366667
392.166	34.57127555
392.166	30.696878716667
392.166	37.535316066667
392.166	41.582549816667
392.166	36.230066416667
392.166	37.2042105
392.166	44.772973
392.166	48.418361485
392.166	49.55611385
392.166	46.133871166667
392.166	40.974526966667
392.166	45.9581475
392.166	47.174024366667
392.166	44.671242183333
392.166	51.2195742
392.166	54.528493666667
392.166	36.907072266667
392.166	38.872342666667
392.166	47.936554783333
392.166	49.273105766667
392.166	50.664583166667
392.166	72.090117166667
392.166	63.72193375
392.166	63.492808233333
392.166	35.207216083333
392.166	49.395974866667
392.166	54.473595666667
392.166	59.21493975
392.166	46.2170209
392.166	33.582369133333
392.166	35.075588233333
392.166	33.513553
392.166	46.00536095
392.166	38.14009325
392.166	44.96719405
392.166	41.874366983333
392.166	53.541896766667
392.166	47.144154166667
392.166	42.624180016667
392.166	40.9474474
392.166	33.071744275
392.166	46.605918833333
392.166	38.1147881
392.166	40.689491238333
392.166	55.422196633333
392.166	39.225225733333
392.166	60.993487166667
392.166	47.510789666667
392.166	49.282312466667
392.166	42.449947016667
392.166	44.081155166667
392.166	55.643094166667
392.166	56.505077583333
392.166	44.31321535
392.166	60.185793016667
392.166	48.124711833333
392.166	54.5416156
392.166	61.027658883333
392.166	57.054309033333
392.166	54.724565966667
392.166	50.393767166667
392.166	46.008633483333
392.166	51.031353866667
392.166	46.026777366667
392.166	52.343922333333
392.166	34.979263833333
392.166	41.9122767
392.166	53.637048333333
392.166	36.683632733333
392.166	48.109414166667
392.166	52.297962166667
392.166	76.233337833333
392.166	45.8933006
392.166	51.292706333333
392.166	59.788168683333
392.166	46.63139575
392.166	51.415400166667
392.166	44.467216333333
392.166	54.991898983333
392.166	46.879871083333
392.166	37.79427855
392.166	60.872650116667
392.166	67.658953166667
392.166	51.082296333333
392.166	48.924093833333
392.166	38.264585333333
392.166	33.568375033333
392.166	31.674834
392.166	27.785708166667
392.166	36.214892833333
392.166	22.872946166667
392.166	42.704790183333
392.166	34.723185333333
392.166	38.346622666667
392.166	36.711808393333
392.166	34.895578833333
392.166	47.6788105
392.166	52.588508166667
392.166	33.111523716667
392.166	33.52344855
392.166	49.437229083333
392.166	42.179551
392.166	26.416136968333
392.166	39.773615066667
392.166	32.263535333333
392.166	45.455301
392.166	38.601227833333
392.166	40.921759483333
392.166	60.179182983333
392.166	45.4127749
392.166	88.329748666667
392.166	54.435327333333
392.166	46.810918833333
392.166	58.90553825
392.166	51.451742266667
392.166	41.184299333333
392.166	43.485448666667
392.166	31.378782716667
392.166	33.453142716667
392.166	45.486794616667
392.166	42.54798028
392.166	37.258513783333
392.166	77.394840333333
392.166	50.703176166667
392.166	41.135994316667
392.166	44.658448
392.166	48.9251073
392.166	46.9157085
392.166	52.340797166667
392.166	67.311677833333
392.166	57.8811725
392.166	60.126809833333
392.166	38.338436516667
392.166	39.05770965
392.166	52.22048825
392.166	44.528109296667
392.166	46.1115668
392.166	40.941308833333
392.166	42.046875833333
392.166	57.439006583333
392.166	72.214650666667
392.166	52.189433883333
392.166	49.883566868367
392.166	50.601769866667
392.166	58.623381
392.166	61.170703866667
392.166	74.449196
392.166	60.465700333333
392.166	67.020136116667
392.166	61.882308
392.166	59.542621633333
392.166	44.419672833333
392.166	49.56148635
392.166	48.98100885
392.166	43.39789775
392.166	60.551427916667
392.166	56.473166883333
392.166	37.921808233333
392.166	51.0352283
392.166	42.798535933333
392.166	49.511117533333
392.166	72.959319166667
392.166	52.268979
392.166	55.211745716667
392.166	43.268673716667
392.166	53.715498166667
392.166	32.441652116667
392.166	40.965532666667
392.166	39.208355533333
392.166	42.711576666667
392.166	41.228997333333
392.166	35.832165833333
392.166	36.633198033333
392.166	36.182886666667
392.166	36.458128933333
392.166	46.844852333333
392.166	47.922543333333
392.166	42.083150858333
392.166	41.101194383333
392.166	51.876954633333
392.166	70.3352495
392.166	57.460019521667
392.166	59.848590716667
392.166	46.2166105
392.166	39.687283083333
392.166	41.090216423333
392.166	37.324144443333
392.166	49.522516766667
392.166	44.69664635
392.166	55.644311183333
392.166	57.342139166667
392.166	43.026372016667
392.166	56.773604833333
392.166	48.763523166667
392.166	52.29126975
392.166	40.59459
392.166	55.620296673333
392.166	64.3522055
392.166	55.351743
392.166	50.995079666667
392.166	59.306394416667
392.166	71.664415833333
392.166	64.650339943333
392.166	56.289971
392.166	59.077352833333
392.166	47.443740666667
392.166	51.021721333333
392.166	45.0359898
392.166	46.372813033333
392.166	46.876267833333
392.166	40.519866
392.166	42.568588166667
392.166	41.58407855
392.166	45.733263883333
392.166	58.837992833333
392.166	49.255135016667
392.166	50.650271366667
392.166	57.744796216667
392.166	59.509054166667
392.166	58.887840666667
392.166	46.318492
392.166	51.213215333333
392.166	52.3895035
392.166	55.884973483333
392.166	53.879866333333
392.166	55.945905561667
392.166	48.498415833333
392.166	44.493572683333
392.166	40.203809166667
392.166	37.906504283333
392.166	41.341707066667
392.166	47.922382483333
392.166	42.285930911667
392.166	43.977196833333
392.166	39.475023
392.166	33.611351683333
392.166	45.768274166667
392.166	36.180017383333
392.166	38.286135366667
392.166	32.677843233333
392.166	37.619492103333
392.166	40.724047166667
392.166	42.932128
392.166	38.367881166667
392.166	46.465223666667
392.166	32.301555166667
392.166	30.028874666667
392.166	41.120125833333
392.166	35.077342316667
392.166	40.470423783333
392.166	28.556468233333
392.166	29.711763016667
392.166	29.144333816667
392.166	39.479339
392.166	32.2880196
392.166	40.8595002
392.166	49.017954416667
392.166	53.8164934
392.166	55.1239405
392.166	52.03803573
392.166	55.694072833333
392.166	68.428826666667
392.166	67.1010295
392.166	51.643921066667
392.166	54.7195839
392.166	39.294389833333
392.166	44.824323616667
392.166	74.691616066667
392.166	51.02172815
392.166	36.166605166667
392.166	49.137196283333
392.166	53.70517475
392.166	80.522695416667
392.166	67.05259725
392.166	72.9780345
392.166	65.319100133333
392.166	45.927944
392.166	52.2449405
392.166	45.621000283333
392.166	43.360441333333
392.166	43.027846316667
392.166	34.214685666667
392.166	31.226499166667
392.166	26.539875619667
392.166	31.143932766667
392.166	29.47622265
392.166	37.770579683333
392.166	58.8219328
392.166	55.134234666667
392.166	62.31291005
392.166	55.997317166667
392.166	47.222364833333
392.166	55.978174
392.166	41.968998333333
392.166	34.7197415
392.166	38.543398083333
392.166	40.22306485
392.166	39.726864883333
392.166	48.215849483333
392.166	53.1859825
392.166	38.472725883333
392.166	34.203232
392.166	37.0333015
392.166	32.26855965
392.166	38.691637133333
392.166	44.2222065
392.166	43.9145362
392.166	52.489970666667
392.166	43.437201216667
392.166	34.534568
392.166	42.473696566667
392.166	34.451619333333
392.166	59.389714333333
392.166	61.724764666667
392.166	58.043596133333
392.166	55.293848666667
392.166	46.910401083333
392.166	60.539893
392.166	42.296500666667
392.166	55.5489401
392.166	51.081202166667
392.166	54.71476135
392.166	64.894716283333
392.166	60.280785166667
392.166	71.399890833333
392.166	66.287027666667
392.166	42.917740666667
392.166	47.727047716667
392.166	56.7310276
392.166	51.667010866667
392.166	49.9552145
392.166	47.252119333333
392.166	54.177172166667
392.166	63.490678933333
392.166	50.608963833333
392.166	70.141687
392.166	42.975820383333
392.166	50.555641666667
392.166	41.83214465
392.166	34.581965633333
392.166	28.363941266667
392.166	33.546798
392.166	38.9284135
392.166	39.7583529
392.166	34.436225166667
392.166	41.027962
392.166	33.394677166667
392.166	41.560029166667
392.166	52.400573666667
392.166	39.870621
392.166	36.031237633333
392.166	44.067247233333
392.166	53.920051383333
392.166	53.606483833333
392.166	59.289920666667
392.166	63.898053166667
392.166	41.761027333333
392.166	38.699509833333
392.166	46.2693473
392.166	62.985693166667
392.166	69.069461
392.166	60.404448833333
392.166	77.6806988
392.166	47.31196795
392.166	46.046246166667
392.166	53.217630745
392.166	66.618308333333
392.166	51.163828866667
392.166	56.691161816667
392.166	59.18303465
392.166	45.018756166667
392.166	41.495092033333
392.166	49.031403666667
392.166	52.639096333333
392.166	37.5312714
392.166	41.1642174
392.166	38.120479
392.166	34.992056533333
392.166	47.456024333333
392.166	35.7251967
392.166	38.3729325
392.166	35.19911515
392.166	39.9044466
392.166	30.84389455
392.166	37.6766855
392.166	45.7476535
392.166	30.754682166667
392.166	42.671964666667
392.166	57.763702666667
392.166	55.6564125
392.166	31.810981166667
392.166	39.263059333333
392.166	37.960402833333
392.166	32.4920285
392.166	38.8385465
392.166	55.476374333333
392.166	50.505563333333
392.166	49.5481295
392.166	56.35247035
392.166	54.9526498
392.166	46.500104666667
392.166	49.328528333333
392.166	58.399016948333
392.166	52.157834566667
392.166	60.325895333333
392.166	69.490112366667
392.166	51.435443
392.166	62.695342166667
392.166	59.831742966667
392.166	52.323491333333
392.166	47.902591666667
392.166	38.7478145
392.166	51.805739
392.166	48.023869666667
392.166	63.826960883333
392.166	46.137145333333
392.166	32.522354666667
392.166	29.0029275
392.166	32.435967166667
392.166	43.1335575
392.166	41.9683603
392.166	44.5010927
392.166	35.3507939
392.166	34.860568016667
392.166	38.223373383333
392.166	34.156923783333
392.166	28.952547583333
392.166	29.243467666667
392.166	38.474101166667
392.166	40.062128833333
392.166	50.79325525
392.166	48.727751833333
392.166	46.3173362
392.166	38.612360566667
392.166	37.844224633333
392.166	35.0666917
392.166	46.7306885
392.166	59.256109133333
392.166	47.458742583333
392.166	45.101969866667
392.166	43.543963616667
392.166	56.173182133333
392.166	44.016166083333
392.166	44.896374
392.166	47.3703985
392.166	46.5476402
392.166	49.998884333333
392.166	54.452985166667
392.166	37.768146816667
392.166	53.196288166667
392.166	40.718248566667
392.166	55.994201333333
392.166	60.83382465
392.166	50.099958666667
392.166	41.051084983333
392.166	53.600628533333
392.166	54.851325
392.166	61.224781833333
392.166	50.910143166667
392.166	36.109172666667
392.166	50.343871833333
392.166	39.618457333333
392.166	53.175702166667
392.166	50.357787666667
392.166	70.928675666667
392.166	52.48485315
392.166	49.048676833333
392.166	48.438375263333
392.166	49.949149166667
392.166	43.356633833333
392.166	43.141218833333
392.166	35.23375965
392.166	60.926396466667
392.166	54.0875954
392.166	48.621824
392.166	42.170811166667
392.166	36.572065333333
392.166	38.824793333333
392.166	46.576746366667
392.166	41.804766333333
392.166	46.668532
392.166	32.726858383333
392.166	34.149778233333
392.166	27.774759
392.166	43.32530025
392.166	42.413244166667
392.166	64.07747305
392.166	52.079588566667
392.166	39.549967333333
392.166	44.217121883333
392.166	44.623714
392.166	48.0768905
392.166	55.5333065
392.166	45.975847
392.166	41.646796833333
392.166	49.637765433333
392.166	36.1876721
392.166	36.8154606
392.166	40.388542333333
392.166	48.666025
392.166	48.884248
392.166	40.402005746667
392.166	52.597379616667
392.166	43.330231333333
392.166	52.152943266667
392.166	75.934033
392.166	76.575934016667
392.166	73.871019433333
392.166	83.15083435
392.166	71.803850333333
392.166	67.745543666667
392.166	56.060860366667
392.166	49.130630833333
392.166	47.915082666667
392.166	70.249511333333
392.166	63.392345333333
392.166	75.111586083333
392.166	79.3357035
392.166	63.458384316667
392.166	48.553950666667
392.166	62.62501445
392.166	60.815148
392.166	65.394182
392.166	65.8342865
392.166	64.247976866667
392.166	48.896099333333
392.166	47.333998511667
392.166	44.898679333333
392.166	64.439148666667
392.166	51.344496993333
392.166	55.341442583333
392.166	40.13487125
392.166	42.202989333333
392.166	53.05351295
392.166	58.655814666667
392.166	50.552097166667
392.166	51.019361616667
392.166	60.223201333333
392.166	44.223083166667
392.166	45.926026616667
392.166	61.028667833333
392.166	49.377466833333
392.166	59.467283883333
392.166	37.4344745
392.166	43.089627316667
392.166	32.9340525
392.166	29.7127663
392.166	32.194947833333
392.166	31.643904783333
392.166	38.379418366667
392.166	46.51964825
392.166	51.524181666667
392.166	45.594946833333
392.166	43.03417924
392.166	44.87100795
392.166	39.214811666667
392.166	43.97252825
392.166	34.208108083333
392.166	30.492352983333
392.166	38.57123755
392.166	52.185863166667
392.166	55.2829332
392.166	60.9809602
392.166	49.516431666667
392.166	48.4911385
392.166	54.583394466667
392.166	42.560187833333
392.166	38.868869666667
392.166	42.7208005
392.166	45.744382166667
392.166	49.2215229
392.166	40.96562645
392.166	53.431095833333
392.166	34.431162333333
392.166	39.711685666667
392.166	47.347917616667
392.166	47.347945416667
392.166	57.352119833333
392.166	44.406533066667
392.166	48.002758833333
392.166	63.636548916667
392.166	54.484747
392.166	52.022285016667
392.166	53.201356416667
392.166	55.450847
392.166	48.856756233333
392.166	57.229363333333
392.166	67.764393333333
392.166	57.228584833333
392.166	44.2373865
392.166	42.831073283333
392.166	43.846688016667
392.166	59.940193116667
392.166	56.348729516667
392.166	53.7710933
392.166	54.7552228
392.166	45.128346333333
392.166	52.462297166667
392.166	50.502938166667
392.166	54.225875833333
392.166	57.569294866667
392.166	55.622921966667
392.166	69.025961066667
392.166	56.573256333333
392.166	64.7777885
392.166	51.766396666667
392.166	46.615098333333
392.166	48.690090833333
392.166	39.936949033333
392.166	44.0459441
392.166	46.482413816667
392.166	53.409399583333
392.166	56.6852725
392.166	44.931401666667
392.166	57.950148556667
392.166	48.235373
392.166	77.577148733333
392.166	73.296517366667
392.166	69.916286883333
392.166	65.382337521333
392.166	68.324636666667
392.166	73.262629
392.166	52.177920316667
392.166	65.218164333333
392.166	43.423829516667
392.166	48.223230133333
392.166	44.895744
392.166	43.121726333333
392.166	51.1758079
392.166	48.8288137
392.166	56.476216833333
392.166	44.6147812
392.166	47.7381972
392.166	41.898620133333
392.166	41.640857833333
392.166	47.751939166667
392.166	49.478492833333
392.166	79.416233083333
392.166	47.575317166667
392.166	38.529357133333
392.166	40.145003433333
392.166	44.381485183333
392.166	44.973664433333
392.166	39.413485
392.166	37.79977795
392.166	32.717572016667
392.166	57.806790533333
392.166	44.684448366667
392.166	38.8685205
392.166	56.1691825
392.166	39.726392333333
392.166	44.937202333333
392.166	55.685553783333
392.166	36.896393133333
392.166	33.682863233333
392.166	32.323436301667
392.166	29.520322333333
392.166	37.052568333333
392.166	26.723199456667
392.166	37.186381916667
392.166	41.949652983333
392.166	25.961342
392.166	41.949997933333
392.166	42.925823166667
392.166	34.845684233333
392.166	48.795691833333
392.166	61.836536783333
392.166	46.267205833333
392.166	44.102911166667
392.166	57.779714933333
392.166	34.42699975
392.166	36.369993483333
392.166	30.431673466667
392.166	32.125173916667
392.166	41.424987033333
392.166	35.092533433333
392.166	35.7779015
392.166	38.6026065
392.166	30.637728216667
392.166	33.161899516667
392.166	60.016850283333
392.166	69.677627283333
392.166	61.154991333333
