10.3789147
14.689237226667
19.961582166667
21.6490649
23.660880966667
20.300383033333
25.152204983333
25.933523783333
52.456730933333
36.08521355
32.5695665
45.2096813
32.6336231
36.7568385
39.37635155
40.3151095
42.04663032
34.147442928333
38.93003205
39.926985866667
47.930316666667
54.034024166667
47.6969819
55.0050855
65.964826966667
55.187506666667
69.2388221
78.301120833333
81.014579666667
69.4249361
60.278004833333
54.54751385
33.1520675
32.48932844
37.8000575
36.524364583333
39.983204666667
45.010651633333
41.868259066667
38.515636982917
48.09371444875
45.16276865
50.99811615
54.658880666667
64.981672333333
61.428218833333
77.646390833333
58.252052166667
54.913709116667
68.552724333333
80.174638
77.374092333333
47.925347666667
55.358801333333
61.648912666667
49.540025166667
59.527256833333
85.13489745
84.412176333333
66.593282333333
46.02549828
57.066104966667
53.6392374
83.688743166667
65.252734
63.5858256
62.594497833333
55.5951845
67.104802666667
74.0262255
74.890070833333
84.318274333333
90.741823833333
62.6499235
46.4219347
56.539021333333
38.477958933333
32.139141333333
50.0556755
44.951034833333
39.588257216667
41.503338666667
37.4517822
33.043921183333
39.618287783333
49.834067833333
42.508766166667
44.281786166667
53.847208733333
53.200261416667
75.8704071
70.4316365
66.936925916667
88.9852015
72.8236448
73.029351333333
64.249776833333
52.312951833333
48.726966
42.462307
43.664754833333
55.569338
63.669513033333
45.833946966667
46.111916333333
61.320439516667
63.437214166667
51.2334541
65.797682666667
61.392978416667
53.0301592
55.723983433333
61.336622666667
44.414072666667
54.06387633
42.093997516667
52.220075
44.8254875
42.560477666667
43.645208566667
43.03067705
64.142755666667
65.7330555
56.8518818
46.761577
48.180830103333
64.814436833333
61.736121833333
46.039322166667
58.623174166667
44.420076883333
47.710033968333
53.212442833333
65.9267243
62.001768166667
64.884993683333
45.2302504
52.090168466667
44.7740937
34.307959
36.497260033333
47.511355866667
49.8433264
61.982139533333
55.501475866667
64.825980666667
53.157385
51.145614133333
43.140788566667
38.580983826667
38.844446883333
51.349182875
41.461570833333
43.687996516667
47.072779783333
48.230685166667
40.114711166667
32.0077195
48.058616833333
37.578661006667
30.567365833333
41.501192333333
38.976443716667
76.8195585
50.165533166667
60.506590833333
49.735171166667
41.15963265
54.329466666667
51.47939915
48.268047333333
57.875006666667
73.055684666667
78.6595745
94.708388333333
72.201869833333
73.944587166667
67.1143635
76.865534666667
78.994400666667
61.507236666667
57.404110666667
72.593898166667
62.510820333333
84.7985835
76.869562833333
84.286565
96.696583833333
104.56160066667
70.263456833333
96.8837785
86.157058483333
63.166633666667
68.0273853
66.096862333333
77.793750616667
62.5297215
71.6950545
78.815813833333
46.122428416667
46.233982833333
62.681769
51.649785333333
70.289910833333
60.021426833333
49.867850266667
53.123091166667
75.909054
56.803163666667
76.127803166667
62.624170166667
61.937166916667
36.1731195
47.804525666667
65.908025333333
67.663875833333
63.061843166667
50.527556483333
45.108177166667
38.774815016667
45.4508715
38.322635966667
45.152664833333
35.854497583333
67.035679
73.150917066667
88.835292983333
72.938243
70.6723685
64.836430166667
42.09818795
42.259874666667
48.795524666667
52.958555883333
67.798268533333
100.43533673333
85.8103385
73.141545933333
60.025875666667
55.627823
53.87599315
41.5387797
43.405929983333
42.4162665
38.795238133333
39.350816333333
30.876941
41.430338866667
51.654693333333
62.755718333333
73.039722833333
72.9328754
53.103255933333
50.339463666667
55.9658825
52.850409833333
68.671272233333
72.297465333333
48.008400166667
56.647716033333
69.4650765
74.438943666667
69.636452333333
61.54336375
64.619285066667
55.3788525
60.264305333333
54.894332333333
74.176988833333
78.461284166667
74.09666055
64.08884
48.668178183333
42.879198033333
44.622044833333
46.506750183333
37.9230753
37.74199101
33.965321733333
47.393904486667
42.84995447
39.415504833333
70.963994833333
57.409244333333
40.619265416667
71.505627116667
66.676352166667
69.5381005
54.8326145
59.789734333333
67.8849638
88.300065666667
62.215659833333
62.0004205
78.994636833333
76.472800833333
98.364482333333
68.956181833333
62.272993666667
49.4133237
55.943146
41.396069
46.364116483333
45.398112
63.120197666667
82.512168505
89.890641933333
68.046521333333
53.667686166667
51.088692531667
42.36739547
56.851945033333
64.972439816667
46.925108666667
65.857127666667
52.200912333333
57.634639
54.867589666667
58.909232333333
77.576535333333
62.211338
67.041811833333
62.488353333333
63.021097166667
45.146279266667
52.43376
73.504353333333
76.51231
53.144521116667
64.206160333333
62.548317333333
56.576638
94.055345
70.508029166667
48.0526354
41.054657333333
58.340504333333
55.285271
75.009703666667
45.844729683333
55.536613
53.960348666667
43.414180616667
52.6936485
56.986101266667
69.951549
60.046295133333
59.878042983333
76.404426
80.755250166667
58.031969333333
70.3532485
60.852459
73.064382166667
66.667305
58.567258833333
68.480279166667
61.747775
49.9308128
60.131387133333
59.137667216667
52.309699266667
57.741736166667
65.480172166667
64.0414505
71.971529333333
70.9986895
84.8774095
68.684610383333
68.5976435
69.088159233333
74.533743533333
65.427709516667
56.950672666667
67.469563166667
56.4888885
61.895201783333
74.06702932
53.349445433333
73.616479833333
77.010669333333
65.496269833333
44.630881833333
50.936986833333
38.786443666667
56.004432833333
69.683913666667
60.260968316667
55.421561783333
82.232104166667
60.864563666667
81.105218666667
76.090542166667
56.520563
53.0823043
64.0182215
80.132637666667
63.330838333333
74.411203333333
64.112542333333
56.902252333333
51.314000133333
40.974623925
52.478074516667
40.02424
50.424822
48.300249833333
43.101037
40.959434466667
30.838106466667
45.170160542833
42.9903187
51.686884866667
61.174742283333
70.5335855
83.369877833333
83.064135866667
69.353214666667
67.131944833333
63.57017505
70.232824435
65.9673485
70.984746666667
87.0288055
67.970930166667
68.714266666667
82.0284365
50.498565666667
58.758726166667
55.96862
78.048321333333
81.103091166667
98.169148333333
63.373343466667
58.010949846667
51.298774833333
59.685221166667
77.977145333333
81.758520225
71.049934833333
58.159249
74.111701183333
68.785841333333
66.900669833333
69.904960666667
78.329276833333
73.008376166667
81.603231
71.672634666667
89.741423
85.164343166483
98.385918666667
71.884799333333
59.772137883333
51.391239933333
51.5404785
72.715702116667
76.922188833333
63.093811766667
63.740496983333
62.321711833333
96.062069833333
61.312587333333
62.881528
66.6276158
70.858825633333
66.041081833333
51.14894525
66.279022333333
76.538659333333
56.131459016667
66.565270666667
66.575398833333
69.531136833333
102.89879483333
106.386835
82.187987666667
73.1294335
67.304316166667
58.842090166667
70.190065833333
63.877535333333
63.197963133333
74.312945166667
73.733876666667
66.248750666667
59.1049365
46.70026865
56.560637533333
68.058381333333
33.5238055
49.3721269
38.857549266667
44.847144666667
51.600072
41.113241666667
52.6296585
40.340670166667
42.243585316667
46.824968266667
69.375465596667
63.993808833333
63.45050495
59.158734166667
48.840650166667
58.51798381
65.878387
66.51229785
57.796173666667
71.139353333333
57.817350333333
51.516152666667
48.016611933333
39.018297833333
41.47096725
43.10677445
47.505904933333
54.074538326667
52.260030133333
52.1731585
40.58625
40.544172666667
45.426588083333
58.653686833333
69.542346813333
57.247688333333
63.281204
63.199056
74.531959833333
75.1985275
115.20615
118.27350883333
76.645245333333
61.952404
82.842059833333
55.103064083333
64.108140183333
69.44712495
73.412736166667
55.003294333333
58.1007245
63.948413833333
64.931269166667
73.796278833333
83.956785833333
81.896173771667
84.338055116667
99.772583616667
99.400447833333
75.742829333333
103.63049166667
101.83735166667
63.080404416667
81.041562333333
67.4651675
83.020587833333
66.7333175
78.834022
79.467693
67.403638833333
61.253024333333
72.65759195
69.609318933333
69.304831716667
61.76265545
71.968077116667
67.604268866667
74.015010466667
52.794577666667
77.2377
79.39703995
79.543381066667
63.934259666667
66.346560616667
59.073938666667
65.197120833333
74.82327475
77.804624266667
71.7760904
71.338726333333
77.752228666667
86.4527545
72.383124833333
90.1290791
102.6936915
85.683942416667
111.19839333333
116.81004933333
106.13547666667
82.049233333333
104.23181133333
92.2677586
74.156628
84.200125333333
68.318962
67.107410595833
58.432852066667
60.036763
48.352906
51.301058833333
54.2752775
58.357547666667
57.760476833333
45.907165833333
57.322973266667
62.272519833333
66.397163818333
74.982439166667
76.650270666667
61.094093833333
61.828338666667
70.749326666667
58.437229083333
46.548669166667
48.99299465
43.791877666667
60.2256912
63.291279966667
71.270650166667
63.650761483333
60.391389
78.6977225
76.108946833333
79.311447833333
87.814062816667
95.162183666667
72.8848975
74.450474
78.772134833333
99.822759833333
89.821467666667
70.946896966667
56.308518333333
68.777517816667
64.922294433333
42.243713133333
61.831762133333
41.571838433333
61.870702116667
106.00978476667
110.831198
136.89815533333
114.660225
151.35321416667
129.01600033333
132.517345
110.53219733333
87.797068833333
86.413587666667
77.750965566667
54.362378
58.94090021
61.036306833333
75.504553
71.301562333333
66.60656185
37.062407483333
62.775663833333
62.884256633333
72.984322333333
90.994599166667
79.607270566667
93.3896845
101.19368466667
79.188868833333
55.419752166667
60.078783166667
56.160440333333
56.46410185
43.44419515
44.529567666667
65.760200916667
71.5026155
47.145798766667
44.0499015
47.0333345
57.060243633333
56.256177495
48.482845621667
41.474763
37.043603933333
42.968478666667
48.3915169
48.591209933333
63.444601933333
74.524595616667
78.889602666667
86.5853195
65.433487666667
73.860458233333
95.4482205
73.4906045
87.386552166667
66.663130666667
95.102876066667
83.777448666667
84.555785133333
66.176561166667
77.313493
80.344422016667
90.104111
69.855520833333
59.947589333333
84.006661666667
70.543227333333
59.78475435
84.938726816667
85.3341665
80.3030165
92.036540833333
106.7601825
103.4771515
100.98762083333
98.886833166667
77.656347166667
83.688258166667
60.551357225
65.619481833333
62.60435125
48.349805166667
75.114302033333
68.158055633333
53.234598966667
67.976303833333
71.220349305
77.745121858333
91.774457833333
70.288789666667
85.139473666667
92.458570333333
113.9366907
109.43911316667
112.62779766667
101.95900416667
87.568479833333
83.197120666667
80.782681883333
69.025669333333
80.5079295
73.623005333333
65.418521833333
57.554522766667
71.458521833333
70.325043333333
98.955631666667
76.860731
54.811216666667
56.346943283333
62.4705265
54.218117883333
53.311446333333
83.274375
84.2860945
67.840890333333
67.627022083333
60.870857433333
77.7703795
72.0649875
104.781875
112.15217466667
103.53618753333
80.379151166667
74.675963166667
103.41526956667
110.32954583333
116.96636033333
119.2028344
91.485776166667
71.937803166667
120.207967
79.62989015
72.792327966667
60.410977033333
49.860723883333
44.392396133333
40.607443833333
51.184281416667
64.2387155
66.2065556
63.924896
77.023365333333
61.053535966667
56.308936795
49.817650723333
66.3981448
67.350153833333
54.116456526667
74.639669333333
65.587618833333
67.221596066667
68.54653045
67.279877633333
85.476981333333
80.699629333333
69.214083
72.230353883333
81.37989275
87.131375166667
92.621787916667
115.85330166667
71.949357166667
91.942170833333
87.415074833333
70.071347333333
84.3041545
123.79546
91.621115833333
62.657440166667
70.332315166667
62.79184825
50.732741583333
60.254637816667
82.336433166667
77.8334885
75.4725265
90.612588083333
100.75415616667
82.110837333333
102.29490366667
81.658023666667
80.317556
94.32846335
106.82198283333
106.19836666667
88.148232
81.9273613
77.358726683333
75.7462345
65.953528666667
81.281835065
57.260340003333
74.325381666667
73.826939166667
79.842681783333
76.060073491667
84.34527544
120.876821
68.64372435
63.0651525
64.916906866667
71.840653833333
66.6956315
63.324202166667
55.3363497
70.621832
71.766904766667
69.131373333333
77.5024114
102.89580283333
101.1939395
132.53951318333
118.2002095
91.448539166667
95.531850333333
65.262662833333
64.6106376
56.576932716667
64.079374
80.861053
66.8911355
50.5622885
57.909198666667
53.562958833333
71.566987833333
66.810697166667
75.84324865
58.312234516667
67.540305
66.0353139
62.67027695
55.794099166667
53.99438825
40.6441405
49.903471833333
70.120688716667
58.941654333333
51.2564929
44.7025945
48.83191025
51.514342166667
52.862695733333
75.017876666667
72.8968332
94.886069166667
98.503132166667
114.98720833333
74.4984305
85.704561666667
89.93015625
67.388574166667
80.604749483333
69.757126466667
76.295926166667
79.503233166667
90.529141333333
62.215008666667
49.94659825
63.120361833333
69.034055233333
69.752189666667
85.055920966667
95.495914
92.10523603
90.00294785
65.768213966667
47.385580766667
42.371581548333
59.474490166667
83.001343933333
67.643448333333
78.799265878333
64.061431078333
46.589389433333
36.114763783333
54.370351166667
61.1059855
60.858857
90.529893016667
83.497002666667
70.1892385
59.805924833333
77.662897833333
81.655163616667
91.912441666667
73.992906666667
84.679795
76.605004
59.174029283333
62.320579533333
69.815914333333
92.886556833333
70.016962483333
73.0122445
70.902621783333
86.7159505
76.334713166667
76.100856666667
82.877344666667
67.915079383333
82.409255833333
100.90494716667
93.096362483333
94.907821
84.591774
75.850834333333
81.514494833333
97.671350666667
83.797873833333
69.887040666667
76.863561333333
64.1573945
55.381417333333
64.768592133333
75.8185815
70.0023985
77.257063383333
91.636053166667
98.397815
85.513790333333
86.447269666667
62.360910166667
55.203873833333
56.097958066667
42.565923298333
44.759318
50.248042666667
50.4127388
40.863389
45.987840333333
64.2161765
76.898977666667
70.719273116667
86.508099733333
63.1878525
55.6705132
66.06880145
76.474649166667
65.765941833333
71.6918235
69.4737215
50.694447333333
44.7000281
43.946814
60.895332
57.3101585
77.771763566667
67.154153166667
62.28723585
59.74000885
60.86910405
64.042968
60.327493833333
58.959146166667
65.905648166667
83.111255333333
89.267678333333
82.526988666667
80.133423733333
66.705667
78.364156333333
