7.1079053666667
10.5090205
15.4840985
15.8557312
22.603656933333
23.117891866667
28.851108
27.484900383333
30.2456025
29.4055275
36.45702515
32.864986933333
41.648930006667
32.052849116667
36.258755833333
47.008744
40.515398166667
66.516238666667
64.376426
44.998525483333
62.647466666667
49.654494073333
52.439567811667
47.080868566667
45.973656733333
69.381520666667
76.204350833333
59.514057333333
54.821828176667
60.648799666667
81.180785
56.893502005
59.4240485
62.48363
49.367328333333
45.753708666667
46.428686666667
53.730049333333
52.749371166667
43.898537683333
43.791554733333
44.6243155
40.623562316667
49.404308453333
61.25431485
56.643485
71.026989666667
91.634661833333
67.04266085
54.805192
38.5748995
36.334711516667
47.003896883333
48.8257524
51.397934666667
31.962966033333
33.2473001
45.475929783333
29.0834067
28.351765857667
42.390842366667
46.58206645
49.010301333333
64.838375666667
56.033298
61.681692066667
63.977007033333
64.7081396
62.848091133333
55.745614633333
67.183175166667
48.632625
42.5852845
47.183876433333
58.914863766667
55.452123833333
58.6187725
91.6429827
76.4589765
68.235721483333
78.054741833333
61.069049833333
51.417470383333
43.35900895
63.5115319
77.749609
79.627552833333
90.020908333333
83.48365855
82.271564366667
88.902172333333
109.1854085
116.60879566667
114.58141366667
116.238765
101.16470733333
86.119473333333
68.451634083333
66.649032
72.671963
64.718599
59.141878666667
76.6885415
85.128757666667
71.022705
82.28704
82.657847166667
65.031836333333
66.730699
75.445392666667
83.322196666667
84.844197
70.081722733333
62.244998666667
55.776418333333
56.4779666
74.809319316667
82.317576666667
91.294093833333
93.956590166667
102.6206955
95.268950333333
111.775723
90.852228833333
77.902571333333
79.77844305
60.889655758333
69.7379116
64.941813283333
64.743054666667
86.7120295
62.178805066667
64.948705033333
73.323728955
76.28712375
90.375206666667
104.57285793333
107.89225026667
107.25572433333
128.15819483333
68.15651285
94.638794683333
116.998022
68.3696737
81.094577
70.415682166667
82.724923
79.442622933333
86.174490166667
69.83873705
75.460513666667
104.75631633333
114.14962166667
86.4825515
94.5967585
88.177363666667
65.556456833333
49.824965766667
46.8156429
50.1635369
53.248182333333
53.741601283333
72.4495085
80.7907215
64.867265
68.93693775
82.263441833333
90.859742833333
88.469804794667
110.975175
104.1464075
81.141470333333
63.569398333333
92.8236475
105.37251101667
95.097211266667
103.56216166667
104.06524063333
74.649608316667
67.166072333333
71.755884166667
76.551711
84.844512
84.11457695
77.775895786667
64.737396066667
57.541006666667
76.214035333333
101.26719016667
86.207634333333
121.657927
129.3335155
97.682597
95.379270833333
102.2787005
103.1657465
129.48621216667
123.82742333333
151.1601285
145.25623516667
130.14215356667
105.68468636667
116.58066
105.53023999
103.27239333333
80.585193516667
78.1676665
97.01973
83.806841166667
66.394719851667
74.950510583333
79.9517535
89.985657233333
93.250806
99.378482833333
81.747042833333
91.5453295
94.919852
114.29914
97.78160315
110.28592566667
106.146178
104.00121
97.958669666667
87.804268666667
88.030960166667
102.48536463
77.719382033333
65.014198166667
93.489537666667
89.402291666667
52.230778326667
61.87339
77.296994833333
67.5754535
74.328916666667
99.857020166667
105.63334983333
99.009167233333
62.053198283333
76.969092
99.217797333333
104.06208033333
75.9121605
73.494539166667
75.744868
80.839646166667
58.582926133333
54.521561
57.310765
55.491819683333
59.941273933333
68.5427265
82.0942715
78.2979485
76.343163433333
99.404711833333
83.0132801
80.784910583333
71.18355125
83.149397066667
96.584304333333
104.16842166667
90.99419
77.0851545
84.212881666667
79.927470166667
95.000824833333
115.91256116667
82.030018333333
73.455743833333
87.017000333333
85.827828166667
100.64318016667
86.805488666667
65.138771955
96.818075833333
88.700887183333
132.13422
120.19590273333
130.90477483333
102.13577516667
103.92252816667
90.779107666667
97.121592333333
125.90354966667
120.8545015
111.64756483333
118.17900383333
97.322936
104.88648733333
82.902799833333
89.3829055
77.780551666667
131.27316633333
132.32910558333
118.57418333333
117.89778333333
95.305715
107.839635
91.217135666667
73.6041945
70.710633666667
72.909775166667
54.2706255
75.854663966667
99.068369333333
77.854188883333
76.070641083333
73.702504166667
107.59066504833
80.899348933333
54.4651535
69.422554666667
69.107300733333
68.169374266667
70.90250855
68.016137
97.0961565
106.25263366667
95.435849031667
87.641063833333
84.549297
90.174820166667
96.03179
127.44100483333
117.1952256
150.24208586833
91.820829466667
62.065826666667
61.848182933333
83.300174666667
66.225379933333
80.540108133333
81.45100065
75.77024065
57.17346
70.613396216667
56.706646416667
53.610062566667
49.4104135
52.4644376
61.332751763333
89.4390805
91.311496
88.329888533333
79.912119366667
87.992466798333
122.20681933333
83.513341333333
81.7200104
78.681741333333
78.550936215
77.4504863
103.69146966667
96.310137166667
70.123482166667
60.522167166667
77.592908
72.261360166667
71.8857095
68.60891625
105.3620242
93.732132666667
78.262593833333
90.248965833333
63.260861166667
62.572366
69.331013333333
87.2376826
79.615185715
71.850514516667
110.21529283333
115.51309094
124.95102766667
118.03723016667
109.013763
97.884488166667
75.196269666667
63.7758765
73.167564166667
59.66297194
48.638515
52.032344116667
51.55749425
66.001869216667
75.891024166667
95.35216559
97.664483
128.9386305
138.19844666667
132.26287333333
90.261685
92.735929166667
121.5022676
106.83112733333
77.169695333333
69.363366233333
87.938322766667
89.996037
80.763479666667
94.320530333333
70.2938229
75.661384166667
82.004230966667
73.305138166667
61.946471333333
86.13638725
82.832837333333
70.05105165
90.592832833333
73.051413
75.667508333333
63.120125333333
55.330184966667
67.7613745
64.533480166667
67.607384666667
75.8086705
75.611051533333
111.4733535
76.202859783333
72.149653883333
79.96072995
81.0627727
59.823506466667
60.29582525
73.026679683333
108.16109633333
98.396752235
112.79044783333
86.912920166667
119.35939016667
124.5804365
91.686083166667
141.5174645
126.9486395
107.86518866667
133.60471233333
155.93815533333
126.52857
121.9420575
91.728515166667
121.38076333333
89.580394933333
95.186648333333
79.674148733333
101.91916538333
74.116514333333
89.30814565
62.553687233333
85.8538772
74.78682155
79.707575516667
83.114693
74.351413666667
76.10796645
79.9208285
89.919994166667
104.26925866667
81.966904133333
53.8095765
65.9030202
70.919664333333
66.773766783333
90.820903533333
91.681323133333
115.52375885
123.42427183333
104.15214933333
87.070582666667
107.28348483333
88.747462833333
71.85409165
89.818056
87.951154933333
95.464027833333
111.30643108333
112.9108279
90.6657185
103.76689533333
94.740486666667
60.83159205
78.597500833333
83.815765666667
89.337447833333
102.8113415
92.587947935
103.79052283333
98.761498166667
87.982824216667
78.602727
88.0106542
94.17804145
88.364735333333
89.197094183333
86.2508495
75.898829333333
75.117387716667
99.5598545
75.729663166667
113.95997033333
120.74767
107.54356098333
91.935244266667
95.3676998
106.7649405
105.01645216667
84.928046083333
69.316558033333
57.8176673
62.850565016667
59.6970455
72.446188833333
81.4479378
82.936094066667
114.83096176667
89.554980183333
87.0091535
92.670873166667
98.152712166667
87.274839166667
85.167408166667
87.181265
93.172147
72.594810333333
78.938240166667
75.869233333333
67.175268
106.4552355
89.910163166667
113.30224133333
89.7458205
84.906664166667
78.678784
87.3685703
76.453934833333
53.68552075
66.785381
70.163766
84.87149305
92.211746333333
89.488490966667
112.95561566667
103.00469166667
93.720285333333
84.51345
110.159922
110.41549933333
93.39987145
100.2163775
97.632548333333
100.6921015
101.06989733333
96.8605678
110.3046556
113.49611933333
96.739184833333
85.963039783333
123.78468973333
77.162911566667
74.555287233333
77.172143338333
72.2213413
67.042819866667
76.700116666667
77.985646666667
63.2723535
56.20276848
49.213962166667
60.724325733333
95.327115166667
91.856463666667
97.172505166667
60.333909333333
63.7013815
54.76525875
85.13873455
95.535900733333
125.71978633333
126.90647916667
151.45289633333
113.4450632
84.584901166667
68.37757835
57.723288166667
61.773566666667
66.836248
80.215045833333
55.105569333333
91.647447833333
87.448461333333
78.612304666667
55.13143
60.874527366667
49.834583783333
50.330098333333
67.53972285
62.903164116667
61.594517833333
68.867671983333
65.3444275
71.868925666667
98.809989166667
101.63002998333
86.0895661
69.612657216667
67.579561183333
78.230561166667
76.138791033333
77.313501833333
69.576411
74.3485551
79.425818466667
73.9066863
99.2692781
102.9283895
95.061921166667
86.745306333333
85.8849805
98.8912255
78.416441166667
89.511869666667
105.23345933333
136.948186
93.211717833333
89.466194166667
77.036582666667
110.37788283333
126.0595545
119.23198481667
99.860298333333
124.9562695
119.12066966667
118.80274416667
83.500074033333
83.425768733333
69.078800506667
49.006179068333
71.3095627
73.016548
52.2985155
83.074748666667
48.989240666667
59.47936655
43.493247386667
46.673622383333
48.065947533333
45.3423255
48.811036
45.3995965
55.507674666667
62.394806833333
61.531904083333
64.328189283333
74.763618
72.5112062
73.101441833333
68.762575
55.718673233333
63.998021
79.6919284
80.012341066667
111.14047166667
92.468058866667
93.029020333333
88.72572075
74.69995045
93.5295885
114.57295366667
122.21860483333
138.00658166667
87.973759833333
97.100936833333
71.09562715
86.848952283333
65.697040978333
66.135058216667
65.7362627
71.0276201
71.75580663
102.02078466667
75.276737833333
68.454895333333
61.86271
63.526170666667
75.9319709
77.8280665
72.744914
66.246252833333
74.971030833333
65.595905333333
74.794607166667
93.267565
68.186425833333
82.124375666667
71.42655345
61.55570552
66.4568711
70.167217283333
71.053703566667
71.370527166667
96.312449833333
82.680892833333
71.496417833333
69.444357833333
94.795315166667
75.046734316667
101.443953
92.327663833333
100.74995133333
93.810218666667
87.136680833333
74.415462666667
104.29463816667
98.402439833333
128.39611633333
116.73277833333
133.7968795
147.86897866667
95.428757166667
122.22163133333
98.1525285
135.56396466667
113.00904483333
107.04918016667
96.114512
130.29065768333
105.31989683333
115.448465
103.5911125
106.0252745
48.237774413333
70.939253916667
60.861414666667
65.042358516667
61.229901666667
58.466871666667
89.02381435
85.3077078
64.049590033333
64.3033605
70.454781966667
72.275811566667
63.3752885
57.415083683333
70.7942515
83.38659508
63.68094599
72.946591856667
91.8664796
62.523692733333
89.849788166667
92.806433166667
91.107686833333
80.3619355
69.567422616667
74.341470116667
59.81923735
88.464774666667
78.397472366667
104.207948
80.571717
104.62764266667
114.83332683333
118.840275
94.387833666667
92.250362316667
93.21804085
70.5629064
62.714432333333
69.799637733333
77.827340466667
88.026036833333
99.345147666667
82.220788333333
125.00747726167
111.208896
125.94238883333
105.07983183333
115.9545515
95.740868
75.810446541667
82.516788666667
80.586311833333
112.87493495
100.317674
126.911272
127.7201685
102.5034885
90.822878933333
122.09819128333
92.652366133333
67.674017666667
77.278766333333
79.491069166667
63.410969666667
96.093520833333
77.346450583333
57.948187523333
76.200519583333
65.922744
65.942566
100.12404466667
89.56818
53.932773
61.816238333333
65.0090041
51.67925885
65.683187166667
37.371787283333
52.852319416667
64.979199666667
69.611925166667
79.785719383333
79.457036833333
73.960854166667
70.805930266667
71.067495
62.0533505
64.149810733333
90.953393633333
100.41894176667
100.12696101667
94.347077333333
86.57040905
83.183221833333
68.418096166667
107.59104
82.900895716667
100.73613116667
97.1210225
100.30313683333
118.41910166667
83.667679866667
62.320915016667
46.30826415
76.369077333333
54.814532666667
72.401242916667
63.572307666667
79.445676966667
85.793883016667
79.763860666667
90.597734733333
95.154348333333
79.502492166667
103.5127295
78.963053666667
95.368918833333
70.903347
77.884163833333
89.866391666667
80.83572375
95.446922
56.849666683333
84.857922833333
102.933501
97.781769
64.6745402
79.280627383333
75.880752666667
83.124245833333
80.315875133333
81.778837
83.166054546667
85.346446333333
65.2959975
80.323535716667
98.698762166667
73.5826245
91.207375333333
117.8189785
121.42963166667
105.46434566667
104.79201166667
110.5226365
110.7100108
106.52571466667
100.74608233333
92.75604825
99.790480366667
113.05207383333
84.134
89.629038
89.315626566667
62.7951911
90.607413333333
111.176442
110.56856766667
87.522184833333
106.80219116667
88.995811666667
52.9397555
59.897348333333
108.94883555
86.98529467
52.373897866667
72.205154666667
110.4574105
73.3352125
70.0468801
78.205647566667
54.857206666667
73.317447666667
67.790573583333
74.435247
95.3204045
92.799510333333
100.2299805
87.059195383333
108.47400583333
93.49128
74.180132666667
73.152585966667
104.37819916667
111.468668
79.196816333333
67.267895833333
72.156880816667
88.3075515
125.26544666667
144.17382883333
118.65195116667
104.2679045
112.54741261667
115.04883983333
85.0269409
69.519852666667
74.138797833333
53.13324395
51.278486866667
71.694323166667
85.167766
112.827555
81.288085833333
42.602959366667
80.039683416667
76.922101
72.91825
60.1410026
48.462923816667
50.383762883333
58.211826366667
61.070838916667
80.978326833333
107.81343983333
92.2557688
106.50481116667
108.32764703333
72.085492166667
80.620082666667
71.9998485
94.7501413
70.969311833333
51.717450333333
60.982790783333
77.864489633333
80.801970033333
67.127237833333
76.903808833333
91.3610095
80.533649868333
75.777858
133.75727166667
79.2477871
65.6445913
59.484166736667
54.894864
67.359133
68.336471961667
85.4689575
94.7502085
97.159954333333
116.06187266667
129.03346216667
177.20573583333
117.80994816667
93.823452333333
82.15453215
99.208904666667
84.875337166667
66.289393833333
76.060591316667
123.57099216667
92.262692666667
107.40267681667
95.633125333333
102.6097005
115.49348833333
104.73417466667
98.93842535
119.943455
126.13771833333
91.82397
78.227292333333
104.2981305
86.2228235
92.171766333333
78.684541166667
