32.5768
61.8179
84.9186
84.9186
84.9186
109.84
120.636
120.636
120.917
120.917
147.494
147.494
147.494
147.494
217.278
217.278
217.278
275.076
275.076
275.076
275.076
275.076
275.076
275.076
275.076
277.938
277.938
277.938
277.938
277.938
277.938
277.938
289.216
289.216
289.216
289.216
289.216
289.216
289.216
289.216
289.216
289.216
289.216
289.216
289.216
289.216
289.216
289.216
289.216
289.216
289.216
289.216
289.216
289.216
289.216
289.216
289.216
331.471
331.471
331.471
346.081
346.081
346.081
346.081
346.081
346.081
346.081
346.081
346.081
346.081
346.081
346.081
346.081
346.081
346.081
346.081
346.081
346.081
346.081
346.081
346.081
346.081
346.081
346.081
346.081
346.081
346.081
346.081
346.081
346.081
346.081
346.081
346.515
346.515
346.515
346.515
346.515
346.515
346.515
346.515
346.515
346.515
346.515
346.515
346.515
346.515
346.515
346.515
346.515
346.515
346.515
346.515
346.515
346.515
346.515
346.515
346.515
346.515
348.135
348.135
348.135
348.135
348.135
348.135
348.135
348.135
348.135
348.135
348.135
348.135
348.135
348.135
348.135
348.135
348.135
348.135
348.135
348.135
349.944
349.944
349.944
349.944
349.944
349.944
349.944
349.944
349.944
349.944
349.944
349.944
349.944
349.944
349.944
349.944
349.944
349.944
349.944
349.944
349.944
349.944
349.944
349.944
349.944
349.944
349.944
349.944
349.944
349.944
349.944
349.944
349.944
349.944
349.944
352.554
352.554
352.554
352.554
352.554
352.554
375.435
375.435
375.435
378.378
378.378
378.378
378.378
378.378
378.378
378.378
391.377
391.377
391.377
391.887
391.887
391.887
391.887
391.887
391.887
391.887
391.887
391.887
391.887
396.232
396.232
396.232
396.232
396.232
396.232
396.232
396.232
396.232
396.232
396.232
396.232
396.232
396.232
396.232
396.232
396.232
396.232
396.232
396.232
396.232
396.232
396.232
396.232
396.232
396.232
396.232
396.232
396.232
396.232
396.232
396.232
396.232
396.232
396.232
396.232
396.232
396.232
396.232
396.232
396.232
396.232
396.232
396.232
396.232
396.232
396.232
396.232
396.232
396.232
396.232
396.232
396.232
396.232
396.232
396.232
396.232
396.232
396.232
404.444
404.444
404.444
404.444
404.444
404.444
404.444
404.444
404.444
404.444
404.444
404.444
404.444
404.444
404.444
404.444
404.444
404.444
404.444
404.444
404.444
404.444
404.444
404.444
404.444
404.444
404.444
404.444
404.444
404.444
404.444
404.444
404.444
404.444
404.444
404.444
404.444
404.444
404.444
411.655
411.655
411.655
411.655
411.655
411.655
411.655
411.655
411.655
412.757
417.356
417.356
417.356
417.356
417.356
417.356
417.356
417.356
417.356
417.356
417.356
417.356
417.356
417.356
417.356
417.356
417.356
417.356
417.356
417.356
417.356
417.356
417.356
417.356
417.356
417.356
417.356
417.356
417.356
417.356
417.356
417.356
417.356
417.356
417.356
417.356
417.356
417.356
417.356
417.356
417.356
417.356
417.356
417.356
417.356
417.356
428.267
428.267
428.267
428.267
428.267
428.267
428.267
470.22
470.22
470.22
470.22
470.22
470.22
470.22
470.22
470.22
470.22
470.22
470.22
470.22
470.22
474.245
474.245
474.245
474.245
474.245
474.245
474.245
474.245
474.245
474.245
474.245
474.245
474.245
474.245
474.245
474.245
474.245
474.245
474.245
474.245
474.245
474.245
474.245
474.245
474.245
474.245
474.245
474.245
474.245
474.245
474.245
474.245
474.245
474.245
474.245
485.388
485.388
485.388
485.388
485.388
485.388
485.388
485.388
485.388
485.388
485.388
485.388
485.388
485.388
485.388
485.388
485.388
485.388
485.388
485.388
485.388
485.388
485.388
485.388
485.388
485.388
485.388
485.388
485.388
485.388
485.388
485.388
485.388
485.388
485.388
485.388
485.388
485.388
485.388
485.388
485.388
485.388
485.388
485.388
485.388
485.388
485.388
485.388
485.388
485.388
485.388
485.388
485.388
485.388
485.388
485.388
485.388
485.388
485.388
485.388
485.388
485.388
485.388
485.388
485.388
485.388
485.388
485.388
485.388
485.388
485.388
485.388
485.388
485.388
485.388
485.388
485.388
485.388
485.388
485.388
485.388
485.388
485.388
485.388
485.388
485.388
485.388
485.388
485.388
485.388
485.388
485.388
485.388
485.388
485.388
485.388
485.388
485.388
485.388
485.388
485.388
485.388
485.388
485.388
485.388
485.388
485.388
485.388
485.388
485.388
485.388
485.388
485.388
485.388
485.388
485.388
485.388
485.388
485.388
485.388
485.388
485.388
485.388
485.388
485.388
485.388
485.388
485.388
485.388
485.388
485.388
485.388
485.388
485.388
485.388
485.388
485.388
485.388
485.388
485.388
485.388
485.388
485.388
485.388
485.388
485.388
485.388
485.388
485.388
485.388
485.388
485.388
485.388
485.388
485.388
485.388
485.388
485.388
485.388
485.388
485.388
485.388
485.388
485.388
485.388
485.388
485.388
485.388
485.388
485.388
485.388
485.388
485.388
485.388
485.388
485.388
485.388
485.388
485.388
485.388
485.388
485.388
485.388
485.388
485.388
485.388
485.388
485.388
485.388
485.388
485.388
485.388
485.388
485.388
485.388
485.388
485.388
485.388
485.388
485.388
485.388
485.388
485.388
485.388
485.388
485.388
485.388
485.388
485.388
485.388
485.388
485.388
485.388
485.388
485.388
485.388
485.388
485.388
485.388
485.388
485.388
485.388
485.388
485.388
485.388
485.388
485.388
485.388
485.388
485.388
485.388
485.388
485.388
485.388
485.388
485.388
485.388
485.388
485.388
485.388
485.388
485.388
485.388
485.388
485.388
485.388
485.388
485.388
485.388
485.388
485.388
485.388
485.388
485.388
485.388
485.388
485.388
485.388
485.388
485.388
485.388
485.388
485.388
485.388
485.388
485.388
485.388
485.388
485.388
485.388
485.388
485.388
485.388
485.388
485.388
485.388
485.388
485.388
485.388
485.388
485.388
485.388
485.388
485.388
485.388
485.388
485.388
485.388
485.388
485.388
485.388
485.388
485.388
485.388
485.388
485.388
485.388
485.388
485.388
485.388
485.388
485.388
485.388
485.388
485.388
485.388
485.388
485.388
485.388
485.388
485.388
485.388
485.388
485.388
495.446
495.446
495.446
495.446
495.446
495.446
495.446
495.446
495.446
495.446
495.446
495.446
495.446
495.446
495.446
495.446
495.446
495.446
495.446
495.446
495.446
495.446
495.446
495.446
495.446
495.446
495.446
495.446
495.446
495.446
495.446
495.446
495.446
495.446
495.446
495.446
495.446
495.446
495.446
495.446
495.446
495.446
495.446
495.446
495.446
495.446
495.446
495.446
495.446
495.446
495.446
495.446
495.446
495.446
495.446
495.446
495.446
495.446
495.446
495.446
495.446
495.446
495.446
495.446
495.446
495.446
495.446
495.446
495.446
495.446
495.446
495.446
495.446
495.446
495.446
495.446
495.446
495.446
495.446
495.446
495.446
495.446
495.446
495.446
495.446
495.446
495.446
495.446
495.446
495.446
495.446
495.446
495.446
495.446
495.446
495.446
495.446
495.446
495.446
495.446
495.446
495.446
495.446
495.446
495.446
495.446
495.446
495.446
495.446
495.446
495.446
495.446
495.446
495.446
495.446
495.446
495.446
495.446
495.446
495.446
495.446
495.446
495.446
495.446
495.446
495.446
495.446
495.446
495.446
495.446
495.446
495.446
495.446
495.446
495.446
495.446
495.446
495.446
495.446
495.446
495.446
495.446
495.446
495.446
495.446
495.446
495.446
495.446
495.446
495.446
495.446
495.446
495.446
495.446
495.446
495.446
495.446
495.446
495.446
495.446
495.446
495.446
495.446
495.446
495.446
495.446
495.446
495.446
495.446
495.446
495.446
495.446
495.446
496.195
496.195
496.195
496.195
496.195
496.195
496.195
496.195
496.195
496.195
496.195
496.195
496.195
496.195
496.195
496.195
496.195
496.195
496.195
496.195
496.195
496.195
496.195
496.195
496.195
496.195
496.195
496.195
496.195
496.195
496.195
501.038
501.038
501.038
501.038
501.038
501.038
501.038
501.038
501.038
501.038
501.038
501.038
501.038
501.038
501.038
501.038
501.038
501.038
501.038
501.038
501.038
501.038
501.038
501.038
501.038
501.038
501.038
501.038
501.038
501.038
501.038
501.038
501.038
501.038
501.038
501.038
501.038
501.038
501.038
501.038
501.038
501.038
501.038
501.038
501.038
501.038
501.038
501.038
501.038
501.038
501.038
501.038
501.038
501.038
501.038
501.038
501.038
501.038
501.038
501.038
501.038
501.038
501.038
501.038
501.038
501.038
501.038
501.038
501.038
501.038
