12.221682466667
19.415727333333
19.586144
33.497584133333
37.5828003
35.120425833333
35.202462516667
31.7328875
35.421543583333
40.389844083333
39.71527405
31.2892357
44.179074666667
38.521193766667
38.579907633333
27.0433311
30.062247516667
45.9389068
43.735676166667
47.913787333333
36.002019723333
32.247845333333
50.951749016667
44.333586133333
40.5317895
41.502498486667
45.1049215
28.789902016667
39.52644365
57.312305
54.51131
58.679067666667
51.046569333333
55.882665666667
61.7923305
91.7620905
101.973056
97.466749166667
59.0794975
49.668865333333
69.064181666667
55.9218442
60.98944745
75.5337475
72.172986816667
69.504933333333
63.539467033333
93.5427705
55.825855833333
60.494505
59.3374355
73.890167166667
54.855800916667
62.574318
68.645856166667
61.7577275
62.968604833333
63.237475166667
60.274824166667
77.4070015
48.839516641667
58.243305433333
42.253148436667
63.898445016667
57.489709316667
49.176089583333
71.8808379
75.9027035
94.899622666667
104.62530533333
98.6350235
81.689053
79.988006666667
54.979447
57.86859725
57.049763166667
67.781545166667
64.7823565
56.3111969
48.427338333333
50.473552916667
51.138712333333
57.1718435
54.74362445
36.44376095
44.052093016667
80.013442666667
56.335201666667
47.401345833333
48.495165166667
52.863945166667
53.1437625
73.70084235
75.917814
73.934200333333
81.051574333333
80.585702833333
77.998047666667
68.0857208
79.820468333333
87.202740461667
58.377383066667
60.1600915
67.278839
49.238658048333
51.6938745
62.8701155
75.778246833333
74.961650333333
83.046061166667
72.318065666667
76.656583976667
72.240461333333
63.881239333333
71.005168833333
71.842522916667
54.8467893
49.968327166667
47.94002895
53.344448833333
45.748703333333
39.638486083333
48.212839666667
44.738458183333
55.919754166667
64.7689115
60.0530285
69.7358135
80.69253195
106.53778773333
87.51193955
93.370532833333
84.8249115
70.294815833333
71.7334786
78.714367333333
97.757203
75.923192
71.757860333333
71.701432
69.948169166667
56.802943666667
67.91372
44.102580666667
62.562008333333
73.748262333333
93.416774133333
99.767914333333
126.05109616667
120.4080785
104.27522833333
75.310486966667
68.2462065
75.285525083333
70.698574866667
111.92599433333
90.822185733333
102.76732748333
85.417444833333
64.264837333333
59.6978791
92.636365166667
87.401065166667
86.8341265
57.033082983333
52.41662
51.726166528333
75.041219666667
62.196184778333
90.092301911667
76.6854615
100.76114666667
86.4507785
98.7371695
93.568502833333
78.937204166667
70.111316666667
82.890545566667
55.005360666667
71.187064483333
78.072066466667
95.067989166667
75.297812333333
61.234383566667
58.718562833333
73.490077366667
77.429048833333
82.955293333333
88.236147833333
97.079592833333
94.891904
111.32863666667
84.6709135
90.151843166667
98.851028883333
97.2077005
97.02237
72.660371833333
77.0811847
103.35578616667
82.305655
83.352094333333
83.531376166667
64.538859666667
57.992421666667
85.953707666667
86.921607
62.136830666667
72.156642
59.970888666667
57.819220333333
73.056085333333
79.175380133333
66.265939333333
57.3677023
48.618920333333
43.452074333333
48.044551966667
49.8850433
53.545656133333
44.346970166667
63.494797933333
45.459932733333
42.455671833333
43.4274055
44.729463166667
58.1421935
43.463551266667
42.289309205
54.707937333333
50.0010486
51.5467595
59.235785875
54.722617183333
61.324747883333
87.6811165
99.254047
88.129106
91.5377995
72.832088166667
78.843124283333
64.495919666667
85.523540883333
86.640998
88.810898333333
88.7585146
79.025781833333
76.84975335
67.509696166667
63.207432833333
73.583382
64.807648166667
66.807581666667
54.2200692
81.297315416667
55.348984983333
63.364740783333
91.282755666667
57.604507666667
61.762672166667
82.573171333333
61.245197166667
63.031491316667
91.315730833333
84.970986183333
83.603375833333
78.0648645
85.085771666667
83.690472
80.868326666667
95.963496333333
108.5443148
93.993111
128.25164015
152.84226166667
121.64463166667
111.04564245
114.56057333333
105.0433335
106.2471845
101.37001266667
110.78568766667
78.850340833333
76.818665
87.797484333333
68.9093055
87.975571666667
74.891224
94.756495166667
108.7298975
104.27159748333
84.069302
86.329294983333
71.0821960515
73.735023083333
81.04548419
66.344198356667
86.229471483333
86.674239833333
104.63019616667
101.39767116667
115.44273533333
127.43569
81.758864166667
91.611045
115.29326466667
87.009631483333
86.102696301667
87.106396166667
68.252250166667
67.576489
77.0261415
63.699988833333
88.624883333333
79.914857166667
98.657189166667
82.964473166667
98.812979166667
81.569615666667
60.21888785
64.845794766667
88.13040635
97.386540183333
65.017017233333
83.678721383333
84.154153183333
82.921868483333
93.51554305
74.938112333333
93.154375
67.837544166667
78.815591
65.49164
74.1622545
94.439116166667
101.90722843333
80.883675958333
97.233130333333
87.454611933333
107.67972216667
117.815088
88.7214081
64.6539307
60.378951
114.26679655
82.923018433333
70.804185166667
70.765471416667
66.1565015
81.609607166667
78.740304166667
73.262275166667
61.6080265
55.01195075
36.930132483333
58.0084575
75.361294166667
64.376021
52.067194716667
62.96268025
62.133348833333
68.852916716667
72.702387031667
67.006657666667
64.47978865
60.53461
89.5049045
104.57407166667
83.2923935
103.2659865
83.8871981
69.534064166667
72.467492833333
60.713314345
61.618568233333
77.968208166667
76.456431
84.5793589
76.667809666667
81.294769666667
119.557879
129.00700023833
93.780101666667
63.953626333333
89.382456833333
103.28400433333
91.612060333333
85.907905433333
69.568602
74.0806821855
82.889599395167
91.121778833333
65.952324833333
82.408123333333
64.086744666667
77.808336616667
80.730282666667
89.737597
83.263131666667
67.432829316667
73.785881166667
56.9903816
58.6396387
84.0677831
96.8565713
110.12319016667
93.3024875
110.0843045
94.920579
88.03679
83.01983655
91.8659735
119.13129533333
108.36791921667
93.200594666667
100.77710466667
71.683004666667
65.871579333333
88.180068333333
97.353820833333
99.682711333333
72.914215333333
93.9075625
93.658068
101.711547
91.177761833333
92.829819466667
84.562577833333
118.02480816667
77.037774333333
82.429170066667
96.351183666667
103.75559283333
119.01814446667
95.601066166667
93.128023333333
78.481371766667
95.40662235
81.028267333333
67.596638
88.045261666667
66.4706712
72.0095846
76.207132
75.282803
74.301461866667
68.707611125
63.9339835
52.256531466667
58.896948216667
70.349773333333
86.774421666667
82.8428785
85.3966635
65.90988065
88.911213633333
92.574813866667
107.92027383333
72.553773166667
58.598227
71.602974433333
69.780265333333
63.725957083333
74.16658855
90.4187655
123.33020566667
118.67269066667
130.62828933333
135.8580455
103.46405908333
106.0092559
88.175485
123.001685
74.9119955
104.50138166667
95.876221166667
102.95306878333
95.903877583333
111.78165916667
106.2813146
104.631111
72.11253955
91.856413833333
89.876609833333
83.052329183333
73.057987666667
58.203612621667
69.608026166667
73.503924333333
75.050737666667
75.391501911667
86.1480135
72.511563666667
95.779403716667
114.58173793333
86.192693333333
101.73592966667
98.858702166667
84.549395833333
85.930737
61.092572016667
80.63564445
76.886767166667
83.419263
89.667118333333
76.158139
63.7132128
55.493292533333
73.26859065
73.4712267
74.022549833333
88.485799833333
64.574800783333
60.076604666667
73.6420165
91.714342833333
80.309363333333
76.930167
101.2190708
112.94679233333
130.83883438333
145.2385201
109.74547983333
115.24077091667
77.099429946667
91.259560183333
96.56503405
130.34341116667
99.7357331
100.4271585
73.528344416667
73.80459335
68.019898831667
82.884811666667
96.286980166667
67.785656666667
44.675429333333
59.638732333333
78.273228333333
79.61627565
70.8312745
85.189077833333
56.607129333333
47.745024333333
99.367549133333
125.83953333333
89.551978666667
97.994582333333
109.754425
93.1094715
95.7865227
86.04524354
67.22254925
68.803236166667
69.155811
78.639775866667
98.779761616667
91.331336916667
79.286222333333
75.052596066667
100.6537455
85.800848903333
65.521241833333
71.35081671
68.734723533333
101.3828005
111.0147914
107.26670466667
104.5387136
118.17079416667
126.86682755
160.52096038333
132.92313916667
104.83190583333
100.66275688333
84.4048875
66.55244175
69.808560166667
73.018938166667
73.0884165
86.665495833333
86.876005833333
66.899258466667
54.997993233333
83.3620685
76.492923
67.901502766667
89.09571
73.155638666667
68.641932833333
81.264124666667
102.4133585
90.665213833333
81.103195833333
74.421198166667
85.737885
83.487141833333
90.166317166667
95.731073466667
84.275039566667
110.33588266667
99.034913735
101.77697533333
105.87560233333
69.113380833333
59.800467
52.9210685
43.6954966
47.069576183333
61.14316085
91.463520833333
60.446666333333
78.955922233333
74.748338
70.677367166667
72.719049
95.98093855
115.00806061667
152.28295733333
99.2254607
95.148186833333
95.135947
102.36275193333
79.554912666667
125.04885666667
134.98719316667
87.1079925
98.8731369
93.4818125
97.622335
98.444371
51.322711
81.875303166667
101.72873783333
68.78514585
85.289597816667
93.460123483333
79.871817666667
95.173385333333
129.72480516667
115.27225817167
105.9364135
97.442119166667
66.519917666667
91.627545
94.506880666667
78.090531466667
111.0424865
107.98150916667
65.021198233333
71.345126916667
62.255811533333
92.785672333333
93.210121283333
87.644983333333
80.683024
114.9590825
91.425163333333
85.985420833333
114.13401771667
73.131418752667
72.0091946
77.513485366667
95.8255505
95.831304083333
78.242513666667
96.042493466667
86.752113
101.10194983333
104.54552866667
83.304656833333
80.608128833333
72.446703978333
82.82403879
89.3803227
87.471754033333
87.619938333333
82.4748585
101.30890366667
92.533548666667
80.327812
78.108391666667
78.337972833333
90.709855016667
110.01709633333
138.19992815
122.23964348333
66.117956816667
71.203529316667
64.07334825
64.002786666667
56.836715666667
81.3909
80.293154333333
97.16448
114.55685616667
88.295936166667
74.650038833333
73.6118465
89.807264333333
59.1744433
55.255827366667
58.986663816667
70.800303966667
60.41410915
68.1508976
59.826999
66.827978666667
98.559941633333
92.355114383333
81.533376166667
73.241894983333
79.280108
102.3769123
82.9386485
81.800328333333
82.146716716667
86.653694166667
146.15762933333
156.13721333333
136.48530733333
141.55480116667
89.9053186
101.34542033333
80.540853166667
106.33957313333
80.8925633
92.9071105
96.919367333333
89.551407833333
97.101408666667
68.993639333333
67.813486533333
88.936188833333
96.380977833333
75.472497
62.343462166667
74.649298333333
79.830241833333
71.018745916667
88.084839866667
81.5866485
57.415072466667
60.243223
60.686211416667
74.311613333333
74.411732516667
72.8833895
91.8774795
102.75590116667
103.59155016667
138.4857305
102.02989183333
85.805693
79.000532666667
93.856199
63.325482766667
102.9366145
102.4662795
94.116347066667
86.269117
85.368742916667
122.33591833333
87.901078333333
73.509496666667
90.078959166667
91.636214366667
101.7864025
94.967437316667
69.805798
80.334466666667
87.637739666667
81.235339
71.320545266667
81.3190505
80.9903945
58.95654
61.684025
71.86748125
93.022954833333
80.922668833333
91.107445166667
90.573261833333
92.9209135
89.410449166667
105.02080666667
86.318297666667
85.238965
112.42385333333
132.1310385
112.57084225
95.937865
87.231241
105.73438916667
77.123504
88.19896305
87.223655333333
52.315146166667
80.842106
49.27802525
89.585559611667
96.5999771
81.2049265
78.287805166667
79.198812883333
53.910934166667
52.408602153333
59.257809333333
62.881157
76.529378416667
86.146037166667
80.343077666667
97.671914333333
88.687848266667
108.4629405
90.763844165
101.24978546667
106.29239016667
99.329180333333
78.207458866667
66.023358233333
81.189840033333
74.176893083333
81.639123166667
102.50602283333
113.2307035
90.124288
75.242517333333
116.545853
109.28661833333
92.82405395
70.748954
65.292169083333
67.615353316667
118.5104727
92.052603166667
115.5318863
92.862150833333
88.8349915
86.869058166667
109.25823666667
99.002015233333
125.16513141667
113.92342225
126.22272408333
104.30193796667
94.35242285
100.54074706667
128.33559166667
131.2243995
123.1664283
145.78540533333
111.21211316667
125.47664733333
116.510036
121.9041945
112.52627283333
119.0975085
130.15514183333
107.77755928333
83.138097983333
112.93527066667
107.31868516667
88.920085166667
70.147022044667
69.25997675
76.78747985
108.23548536667
105.2185825
108.74365516667
117.23134433333
125.86179483333
91.330107
90.732005166667
129.33858
125.42860033333
125.56093166667
124.31996666667
133.00383333333
120.461774
126.70459883333
130.35630966667
121.4592588
114.47153533333
115.52883466667
94.712571166667
77.179256333333
71.84376835
75.646471333333
84.440581833333
77.917463083333
84.225475866667
96.420519433333
89.888318125
90.8890745
89.130112
90.6913345
101.46527125
100.5886345
83.341629666667
92.594186
98.435139
124.78166433333
150.2026425
113.71045766667
116.940552
124.98981
102.8445265
75.48437605
117.16579117667
103.91946316667
93.751722883333
75.952702659333
71.447505833333
96.187232983333
57.855464166667
69.110491
96.134925566667
74.639417033333
78.34440485
79.926352066667
68.981279016667
55.764486
66.469396833333
62.866723916667
92.372455188333
81.327877166667
84.7861983
52.824241333333
44.837769616667
65.05634
52.145361966667
76.496582
84.246445
103.32833233333
93.57167305
112.885545
82.4439955
68.249456833333
74.795976166667
112.37861318333
72.061604
94.261278
100.59860696667
99.666260783333
94.97837
83.717678616667
79.873107233333
78.00077375
90.8366165
88.990162633333
82.969971466667
80.914741833333
78.052349833333
54.48317
79.652804983333
99.000677616667
105.10933
97.045988166667
101.37680966667
110.95028198333
104.23320133333
118.14703216667
114.192791
101.1489559
123.0803807
119.32332666667
124.68739235
99.6769405
113.007737
86.266039
94.1058115
89.530555333333
76.096048183333
73.838417683333
91.007066616667
67.549967183333
90.916897683333
90.106908933333
92.9694905
73.021258833333
73.391065166667
81.2731435
70.981720666667
120.30780114
80.361529166667
98.150951666667
134.825547
84.098344666667
92.5691565
80.558477166667
86.156070583333
65.6887425
80.372550533333
81.438625833333
70.772474333333
67.8916015
84.667492716667
98.3686195
88.808731333333
