100.71
183.077
183.077
183.077
183.077
183.077
183.077
183.077
183.077
183.077
183.077
183.077
187.067
187.067
187.067
187.067
187.067
216.767
216.767
216.767
216.767
219.912
219.912
219.912
219.912
219.912
219.912
219.912
219.912
271.672
271.672
271.672
271.672
271.672
271.672
271.672
271.672
271.672
271.672
271.672
271.672
271.672
271.672
271.672
271.672
271.672
271.672
271.672
271.672
271.672
271.672
271.672
271.672
271.672
271.672
272.982
272.982
272.982
272.982
272.982
272.982
272.982
272.982
272.982
272.982
272.982
272.982
291.009
291.009
291.009
291.009
291.009
291.009
291.009
291.009
291.009
291.009
291.009
291.009
291.009
291.009
291.009
315.503
315.503
315.503
315.503
323.334
323.334
323.334
323.334
323.334
323.334
325.57
325.57
325.57
325.57
325.57
325.57
325.57
325.57
325.57
325.57
325.57
325.57
325.57
325.57
325.57
325.57
325.57
325.57
325.57
325.57
325.57
325.57
325.57
325.57
325.57
325.57
325.57
325.57
325.57
325.57
325.57
325.57
325.57
325.57
325.57
332.269
339.847
339.847
339.847
339.847
339.847
339.847
339.847
339.847
339.847
339.847
339.847
339.847
339.847
339.847
339.847
339.847
339.847
339.847
339.847
339.847
339.847
339.847
339.847
339.847
339.847
339.847
339.847
339.847
339.847
339.847
339.847
339.847
339.847
339.847
339.847
339.847
339.847
339.847
339.847
339.847
339.847
339.847
339.847
339.847
339.847
339.847
339.847
339.847
339.847
339.847
339.847
339.847
339.847
339.847
339.847
339.847
339.847
339.847
339.847
339.847
339.847
339.847
339.847
341.132
341.132
341.132
341.132
341.132
341.132
341.132
341.132
341.132
341.132
341.132
347.959
347.959
347.959
347.959
347.959
347.959
347.959
347.959
347.959
347.959
347.959
347.959
347.959
347.959
347.959
347.959
347.959
347.959
347.959
352.659
352.659
352.659
352.659
385.218
385.218
385.218
385.218
385.218
385.218
385.218
385.218
385.218
385.218
385.218
385.218
385.218
385.218
385.218
385.218
385.218
385.218
385.218
385.218
385.218
385.218
385.218
385.218
385.218
385.218
385.218
385.218
385.218
385.218
385.218
385.218
385.218
385.218
385.218
385.218
385.218
385.218
385.218
385.218
385.218
385.218
385.218
385.218
385.218
385.218
385.218
385.218
385.218
385.218
385.218
385.218
385.218
385.218
385.218
385.218
385.218
385.218
385.218
385.218
385.218
385.218
385.218
402.499
402.499
402.499
402.499
402.499
402.499
402.499
402.499
402.499
402.499
402.499
402.499
402.499
402.499
402.499
402.499
402.499
402.499
402.499
402.499
402.499
402.499
402.499
402.499
402.499
402.499
402.499
402.499
402.499
402.499
402.499
402.499
402.499
402.499
402.499
402.499
402.499
402.499
402.499
402.499
402.499
402.499
402.499
402.499
402.499
402.499
402.499
402.499
402.499
402.499
402.499
402.499
402.499
402.499
402.499
402.499
402.499
402.499
402.499
402.499
402.499
402.499
402.499
402.499
402.499
402.499
402.499
402.499
403.851
403.851
403.851
403.851
403.851
403.851
403.851
403.851
403.851
403.851
434.104
434.104
434.104
434.104
434.104
434.104
434.104
434.104
434.104
434.104
434.104
434.104
434.104
434.104
434.104
434.104
434.104
434.104
434.104
434.104
434.104
434.104
434.104
434.104
434.104
434.104
434.104
434.104
434.104
434.104
434.104
434.104
434.104
434.104
434.104
434.104
434.104
434.104
434.104
471.557
471.557
471.557
471.557
471.557
471.557
471.557
471.557
471.557
471.557
471.557
471.557
471.557
471.557
471.557
471.557
471.557
471.557
471.557
471.557
471.557
471.557
471.557
471.557
471.557
471.557
471.557
471.557
471.557
471.557
471.557
471.557
471.557
471.557
471.557
471.557
471.557
471.557
471.557
471.557
471.557
471.557
471.557
471.557
471.557
471.557
471.557
471.557
471.557
471.557
471.557
471.557
471.557
474.495
474.495
474.495
474.495
474.495
474.495
474.495
474.495
474.495
474.495
474.495
474.495
474.495
474.495
501.306
501.306
501.306
501.306
501.306
501.306
501.306
501.306
501.306
501.306
501.306
501.306
501.306
501.306
501.306
501.306
501.306
501.306
501.306
501.306
501.306
501.306
501.306
501.306
501.306
501.306
501.306
501.306
501.306
501.306
501.306
501.306
501.306
501.306
501.306
501.306
501.306
501.306
501.306
501.306
501.306
501.306
501.306
501.306
501.306
501.306
501.306
501.306
501.306
501.306
501.306
501.306
501.306
501.306
501.306
501.306
501.306
501.306
501.306
501.306
501.306
501.306
501.306
501.306
501.306
501.306
501.306
501.306
501.306
501.306
501.306
501.306
501.306
501.306
501.306
501.306
501.306
501.306
501.306
501.306
501.306
501.306
501.306
501.306
501.306
501.306
501.306
501.306
501.306
501.306
501.306
501.306
501.306
501.306
501.306
501.306
501.306
501.306
501.306
501.306
501.306
501.306
501.306
501.306
501.306
501.306
501.306
501.306
501.306
501.306
501.306
501.306
501.306
501.306
501.306
501.306
501.306
501.306
501.306
501.306
501.306
501.306
501.306
501.306
501.306
501.306
501.306
501.306
501.306
501.306
501.306
501.306
501.306
501.306
501.306
501.306
501.306
501.306
501.306
501.306
501.306
501.306
501.306
501.306
501.306
501.306
501.306
501.306
501.306
501.306
501.306
501.306
501.306
501.306
501.306
501.306
501.306
501.306
501.306
501.306
501.306
501.306
501.306
501.306
501.306
501.306
501.306
501.306
501.306
501.306
501.306
501.306
501.306
501.306
501.306
501.306
501.306
501.306
501.306
501.306
501.306
501.306
501.306
501.306
501.306
501.306
501.306
501.306
501.306
501.306
501.306
501.306
501.306
501.306
501.306
501.306
501.306
501.306
501.306
501.306
501.306
501.306
501.306
501.306
505.037
505.037
505.037
505.037
505.037
505.037
505.037
505.037
505.037
505.037
505.037
505.037
505.037
505.037
505.037
505.037
505.037
505.037
505.037
505.037
505.037
505.037
505.037
505.037
505.037
505.037
505.037
505.037
505.037
505.037
505.037
505.037
505.037
505.037
505.037
505.037
505.037
505.037
505.037
505.037
505.037
505.037
505.037
505.037
505.037
505.037
505.037
505.037
505.037
505.037
505.037
505.037
505.037
505.037
505.037
505.037
505.037
505.037
505.037
505.037
505.037
505.037
505.037
505.037
505.037
505.037
505.037
505.037
505.037
505.037
505.037
505.037
505.037
505.037
505.037
505.037
505.037
505.037
505.037
505.037
505.037
505.037
505.037
505.037
505.037
505.037
505.037
505.037
505.037
505.037
505.037
505.037
505.037
505.037
505.037
505.037
505.037
505.037
505.037
505.037
505.037
505.037
505.037
505.037
505.037
505.037
505.037
505.037
505.037
505.037
505.037
505.037
505.037
505.037
505.037
505.037
505.037
505.037
505.037
505.037
505.037
505.037
505.037
505.037
505.037
505.037
505.037
505.037
505.037
505.037
505.037
505.037
505.037
505.037
505.037
505.037
505.037
505.037
505.037
505.037
505.037
505.037
505.037
505.037
505.037
505.037
505.037
505.037
505.037
505.037
505.037
505.037
505.037
505.037
505.037
505.037
505.037
505.037
505.037
505.037
505.037
505.037
505.037
505.037
505.037
505.037
505.037
505.037
505.037
505.037
505.037
505.037
505.037
505.037
505.037
505.037
505.037
505.037
505.037
505.037
505.037
505.037
505.037
505.037
505.037
505.037
505.037
505.037
505.037
505.037
505.037
505.037
505.037
505.037
505.037
505.037
505.037
505.037
505.037
505.037
505.037
505.037
505.037
505.037
505.037
505.037
505.037
505.037
505.037
505.037
505.037
505.037
505.037
505.037
505.037
505.037
505.037
505.037
505.037
505.037
505.037
505.037
505.037
505.037
505.037
505.037
505.037
505.037
505.037
505.037
505.037
505.037
505.037
505.037
505.037
505.037
505.037
505.037
505.037
505.037
505.037
505.037
505.037
505.037
505.037
505.037
505.037
505.037
505.037
505.037
505.037
505.037
505.037
505.037
505.037
505.037
505.037
505.037
505.037
505.037
505.037
505.037
505.037
505.037
505.037
505.037
505.037
505.037
505.037
505.037
505.037
505.037
505.037
505.037
505.037
505.037
505.037
505.037
505.037
505.037
505.037
505.037
505.037
505.037
505.037
505.037
505.037
505.037
505.037
505.037
505.037
505.037
505.037
505.037
505.037
505.037
505.037
505.037
505.037
505.037
505.037
505.037
505.037
505.037
505.037
505.037
505.037
505.037
505.037
505.037
505.037
505.037
505.037
505.037
505.037
505.037
505.037
505.037
505.037
505.037
505.037
505.037
505.037
505.037
