9.8728197833333
18.788982033333
20.62873085
22.309458786667
23.75000932
30.499049576667
22.826624166667
27.394606033333
26.734292566667
35.26249085
31.138583083333
39.981141766667
24.16427165
42.8556293
44.984373752
62.993139061667
63.668213871
59.050094521333
61.191613671333
71.205303833333
52.293295256833
60.623412283333
54.006843216667
51.076854353333
57.4197749
65.8649805
63.228266833333
54.440650083333
54.6487535
71.443527666667
68.385180283333
57.095505366667
45.005763233333
46.066752196667
64.8625085
68.4563176
61.768048816667
56.52126615
42.49477935
44.601037333333
33.54505565
49.671720216667
43.841662
46.8012875
50.63535
45.19988525
36.2331038
31.29549155
38.4929695
36.532782066667
33.495363533333
34.04860575
28.56082415
33.825822226667
38.790308230667
50.717922425833
44.210993016667
50.4514662
47.433577416667
47.590041
55.3792616
55.059973971667
44.488032133333
70.45752
56.356653166667
47.319760666667
66.722327733333
53.9024025
53.55574365
52.582526096667
46.991356083333
38.973730166667
22.2698865
32.81005115
33.6203235
42.4358154
31.4475879
41.697638816667
51.095439633333
66.3577652
57.533398983333
72.315088733333
66.245933583333
74.939474833333
69.013175166667
65.453377833333
73.812342166667
58.556188666667
67.713155966667
65.765428166667
77.896971
60.758356833333
53.023114383333
58.7528845
42.167741916667
50.864382916667
66.170535
60.671289616667
70.8281378
67.1439875
62.107350333333
48.579554116667
58.0023136
52.143727621667
68.442163378167
67.4919815
84.059563666667
82.404053166667
81.616726583333
90.392051706167
91.74158955
86.5912932
99.74458115
61.43656835
53.620517466667
69.7869865
69.407703216667
77.359187666667
71.88579405
80.464311
61.8898065
69.416801533333
90.6362445
92.560736666667
95.1934731
64.483908
112.2780935
82.2144635
79.3289745
51.892008333333
63.5093965
104.76724316667
100.46066383333
85.668823383333
87.891941
85.944075
96.448723666667
95.886890416667
67.118278833333
69.088705
61.47688515
65.009618716667
73.826403048333
71.767517333333
71.781049
65.600049483333
57.299378666667
75.92346885
58.852526066667
59.869404666667
48.607036166667
56.428197296667
45.132416103333
57.7629243
71.188098333333
61.210993883333
74.4577786
53.508659748333
79.435075381667
53.894919398333
64.02765791
64.631507696667
80.492930483333
74.073260816667
59.488689443333
86.448652833333
62.370783733333
35.78634495
33.240360783333
60.061595333333
64.17706425
64.753987933333
49.84302262
62.79882266
49.28535831
49.570405918333
65.255481333333
97.161378166667
115.207766
110.2665246
111.54393433333
93.779775666667
83.9066817
112.02716883333
119.32820366667
108.10514806667
121.29522068
66.085625483333
59.926740806667
87.37211775
75.459977
68.176635833333
71.305815136667
79.628486916667
67.768713
95.7377445
74.4903515
79.875497766667
102.55853093333
99.376095166667
65.911464833333
66.980171396667
54.14400134
79.476891066667
98.938955333333
101.42874681667
63.933987636667
58.611842583333
49.2253528
75.545322396667
68.36324635
75.223370333333
68.572508016667
70.700655333333
85.513487666667
113.47087916667
120.24598708667
120.141819
118.52090986667
113.76131368833
132.36645802167
116.488925
105.36129433333
98.140468333333
101.98470126667
85.7112837
89.526604155
65.066049266667
82.1537075
90.6286828
65.943294683333
79.035649566667
74.032272933333
77.6213905
82.372949616667
87.527932583333
74.494339733333
71.648843666667
67.178937983333
78.360869246667
89.241928266667
90.728532833333
105.02107716667
96.75599605
78.882842083333
62.5892455
72.245683833333
106.95637541667
97.059851833333
90.582952
75.7855905
70.014145783333
94.878164116667
74.833611116667
71.48155245
78.553080533333
77.87118565
63.620028333333
67.024888166667
48.06179535
39.000202783333
49.240432083333
44.901368833333
48.472765816667
61.774090166667
64.749495633333
78.1642155
69.905757766667
82.477530333333
61.5705660615
47.059754016667
51.295085083333
55.458105233333
46.738270816667
61.904166133333
50.821971966667
54.340635283333
77.3753825
82.927385833333
61.749178466667
68.5053529
65.289653918333
43.61774473
50.79260905
53.8565065
54.1491301
51.544834316667
55.982442383333
57.364785466667
77.38142365
67.053692588333
65.931292528333
51.037820071667
69.462820833333
105.879357
83.330077333333
63.962746666667
68.176519666667
53.972893483333
54.135599466667
61.563881333333
46.294444833333
64.418520333333
56.508981016667
47.0455518
56.1069391
60.9825119
70.9378575
74.584499883333
83.34391765
59.136034
89.375670766667
72.751049333333
60.510617333333
87.296033666667
88.02243215
96.04785325
102.25488253333
97.520155166667
101.90724133333
108.88047698333
112.67293333333
99.439144883333
112.76956116667
95.6452145
109.98409566667
74.876994666667
59.454482898333
66.38985592
69.162714666667
55.247812283333
54.230677465
54.635443283333
78.36244955
86.528556523333
121.01387766667
96.430181433333
96.054661525
67.924232433333
64.920903716667
67.864816116667
66.070700566667
55.7125444
59.482046616667
58.49662845
58.925229316667
71.62301542
78.266469323333
66.0440826
60.37292052
79.380139166667
71.404763133333
68.913664166667
87.17088499
142.562209
107.39220783333
87.28619925
88.036086666667
65.298898686667
70.610097533333
63.5529145
56.39961745
41.238022783333
43.355904416667
51.22809465
54.596121033333
61.141215283333
51.422567383333
45.117994133333
46.83701784
55.032165633333
73.516915866667
65.152858
45.4502995
65.37947775
62.419799866667
58.211608983333
53.08481535
76.33438005
71.88121375
30.023836533333
43.336884783333
50.8855315
66.917666166667
58.219030166667
65.17298925
78.48958635
65.87002455
43.340631833333
47.924784333333
48.01353125
56.204146366667
69.898556151667
87.0069005
70.194460873333
65.919769266833
67.172673998333
62.4561097
50.923405516667
53.481527333333
35.282355166667
50.9701345
50.918591166667
82.010470043333
87.343011533333
64.805477335
85.871359
61.195363116667
74.89383885
87.272151901667
121.74983716667
75.070258483333
67.33977175
88.780248366667
94.719636666667
71.719910166667
70.341037766667
101.63402116667
95.771249983333
107.79270501667
95.005687966667
88.210320516667
72.316512833333
70.895109266667
94.169396375
108.92111183333
86.860853436667
79.603634436667
87.12870382
138.1748867
178.08368516667
94.630669788333
135.57792083333
112.6910043
117.02349608333
108.23305537667
106.55365184333
78.902431933333
115.16320583333
77.457081666667
87.1675253
92.26745065
103.45367166667
130.68567833333
70.564627333333
62.7468564
75.921012618333
75.222117933333
76.598654466667
78.901005
100.4324417
92.747955333333
88.7881962
74.95628077
70.353992688333
88.163053166667
79.266888333333
82.90594495
88.297279
81.639825183333
104.031354
72.255155283333
59.504372916667
53.706576971667
77.953026833333
66.721747833333
78.462943466667
86.591422833333
88.118537916667
92.512562833333
96.297620566667
83.088219778333
87.539655233333
59.990645166667
60.109961415
48.329036
41.433216743333
45.471351916667
53.90394685
58.2674675
57.2591372
80.759299166667
52.942735233333
66.734932333333
68.309055216667
64.910215166667
110.99993466667
113.108576
100.44204436667
98.363294183333
81.727607446667
88.201364166667
72.06263845
74.874506816667
78.479532083333
91.605480166667
134.00704933333
136.88857498333
89.72977795
53.552371266667
48.798811983333
83.491189683333
101.67201178333
85.9597875
83.447713116667
76.558211016667
84.750113
53.952282421667
60.437168683333
70.0990217
63.603043166667
72.346747105
59.716135933333
65.433627633333
92.925218916667
91.787287
67.4937154
67.00413225
85.429833
71.37645588
81.811506333333
77.073986483333
105.7777743
106.73458683333
127.92522066667
134.49281166667
95.4860796
83.526856916667
62.093005163333
76.9373807
70.033186883333
73.846155616667
58.066786233333
73.336191333333
82.153884801667
104.037714
93.339323635
87.50024
99.447883166667
66.6578025
122.59646213333
115.37645833333
77.6528955
99.957927883333
108.14196683333
70.169694833333
71.2948875
69.159802233333
92.404585833333
65.492439366667
59.5133445
66.25007103
79.538512333333
71.95147115
80.626455983333
55.290635583333
65.021131483333
54.496821408333
61.988159315
67.7891371
76.054965883333
63.8549783
76.079586
57.708688383333
93.0022115
57.959120116667
76.170822983333
86.105786983333
91.491744566667
83.113934833333
66.599660533333
51.5796899
46.842809283333
52.4475792
69.1697665
48.9404832
47.73925285
58.555203733333
49.3747557
62.633067766667
96.58805415
62.32105525
100.12657158333
67.588843
86.743950666667
93.121993166667
88.678871333333
96.706374
92.842080333333
94.673435071667
74.37609271
101.270489355
89.874625755
83.680527033333
78.3790138
101.2410297
100.99031031667
97.948005283333
112.49373041667
113.9294131
126.01572916667
87.763479666667
87.35339025
80.81028247
92.3895625
82.9212829
79.921372616667
67.083750216667
108.76008113333
98.616984233333
104.780203805
106.388809
67.256621066667
74.712309266667
117.93652946667
99.098122616667
87.694438666667
83.1155002
65.813560906667
73.56570284
104.04172076167
98.1797305
89.506221103333
102.09271846667
67.978466833333
64.539551666667
81.927427133333
61.960506116667
74.0152304
64.04917005
74.5442849
78.614767866667
73.985560535
67.9219221
69.845034633333
71.979434216667
84.981255266667
77.3215
54.20638735
55.025821416667
44.249540566667
42.390318401667
50.895259
59.325143146667
69.362902483333
50.531437283333
79.325012493167
70.1351805
84.874078833333
90.883680333333
111.2949795
109.74357364333
97.160215166667
79.573967033333
107.02266156667
112.84473478333
129.4366087
89.864503583333
79.5203415
86.034367866667
97.1437965
80.89523685
70.136953833333
65.2508949
91.318837416667
67.068717633333
57.895169
60.998212466667
73.6788535
77.4930915
102.5108526
101.38830783333
108.15744816667
111.97687816667
79.309534916667
103.1511235
100.52583233333
115.9941173
99.688263
111.44450038333
77.459921333333
97.0765047
115.85353703333
103.46960186667
93.455369655
113.48658455
99.609412166667
90.1707535
147.26815583333
121.27248516667
84.947992266667
91.127103333333
71.7881135
104.26252023333
96.871044116667
96.742564283333
80.118838866667
68.407076433333
58.510807866667
71.943085233333
68.33101305
64.515902016667
64.743609333333
61.780325466667
74.188745266667
75.597515166667
84.422401633333
58.910349166667
65.233472773333
68.74182668
75.543114323333
98.0926245
95.866853158333
95.0168816
115.14232333333
115.26164979167
92.7948665
66.03339735
91.666364333333
60.06912595
54.102787333333
57.928710516667
55.092023785
64.106782738333
85.481634983333
60.758262666667
44.843091316667
68.089623516667
59.982799433333
82.425069
85.71437165
77.0926988
67.253423416667
60.910254733333
60.81131114
49.415752616667
46.69951525
59.3564564
47.983569488333
55.255403288333
73.434227183333
63.800067366667
82.148979016667
80.591225
60.68693865
61.794711448333
65.936389755
68.318311066667
49.354262633333
74.754871673333
83.044699373333
91.70946764
84.555817133333
82.791991216667
98.74261855
72.8759662
69.300284183333
72.20486105
66.903809183333
68.527737566667
71.9178335
104.17250416667
81.824450193333
84.78354668
127.52660953333
115.3159212
92.30923655
110.78174015
97.513435666667
54.2772395
74.904767666667
62.5352317
58.727796916667
52.716311
53.490874066667
68.933854466667
75.744852083333
83.775394366667
75.978100968333
50.454485
62.121100166667
76.268843333333
85.565675
90.725396333333
98.414258016667
95.613584333333
83.1731825
73.841230636667
68.710254873333
61.720366873333
70.842554333333
50.590209686667
70.90619722
60.081052066667
73.17962095
104.1496662
106.164701
91.823353666667
62.357851715
62.58286567
48.40037935
53.205810666667
46.430536455
46.399599966667
51.850581633333
70.10919285
54.202835675
63.201156933333
71.892795333333
77.230757
95.735185333333
111.02566566667
100.14583683333
85.420257916667
67.18371215
101.07151285
80.69988
62.865609816667
59.840621116667
54.919998666667
55.723250583333
62.371266233333
66.036874833333
85.854070833333
74.762675183333
83.849981333333
92.297792416667
89.640678
96.957278616667
92.7845311
107.42183816667
122.7809723
121.81823384333
122.71674618333
107.9046801
114.04347658
73.286265266667
70.867867583333
57.26282345
93.870631333333
90.265978666667
85.348988326667
85.144654916667
64.181640518333
83.665310166667
69.536357333333
75.290767
74.605148983333
85.054557966667
74.693452
70.377448
81.653145166667
77.804434436667
105.93045018333
109.69332171667
94.45383845
60.764394033333
73.47934135
76.341757833333
79.2812915
63.697613663333
46.622748333333
47.350767483333
69.01794304
72.729677673333
73.76401815
69.56662215
71.803039516667
83.646321
73.694407814833
63.274398166667
74.628643666667
61.154817468333
58.64331955
56.846704968333
109.22986716667
90.964176976667
82.650360633333
100.00608651667
73.878592333333
80.548471466667
75.459758591667
70.9175384
83.7106515
83.151652833333
74.811701333333
67.562430583333
62.254556
86.1639705
67.939674333333
59.858622466667
44.208824733333
55.046549166667
52.5476717
60.813030118333
52.9459787
67.8257544
66.704280583333
62.49458095
85.425352088333
68.510474491667
51.807460936667
68.296860666667
77.916647
94.884230666667
73.111765696667
73.620283
101.55638741667
84.848625183333
70.8027707
84.93783535
69.919656916667
68.057490283333
74.909856433333
88.824202333333
83.483508733333
50.045455883333
63.530443333333
53.883689733333
57.540952333333
63.6015265
48.517126733333
63.825838383333
76.190680386667
51.216263831667
71.64016025
73.338109266667
56.381780966667
56.700021333333
65.990417776667
69.375272333333
84.39625877
67.92207085
63.776093231667
87.408101066667
101.71843383333
97.515809333333
108.65307313333
108.52256533333
89.530786916667
76.438286333333
81.628335333333
109.70461466667
98.905902916667
91.7484095
86.422566016667
98.4484235
77.583275633333
89.331008983333
85.805996016667
80.253451983333
97.4857879
67.81640705
94.103583333333
96.8750485
91.903086983333
101.868024
108.61081773333
95.713699066667
86.8773219
89.076667413333
121.93683706667
95.132030116667
78.843256966667
91.033163666667
110.19644133333
110.050329
95.087280298333
84.031816666667
76.476104966667
60.101771183333
57.014492883333
67.497333166667
53.013250583333
68.040461766667
81.22446865
52.293670333333
59.080915466667
87.795695533333
83.259272333333
110.904145
56.46980705
74.24224135
87.26115245
77.113440093333
92.99586805
99.1193059
75.941094666667
69.456518826667
67.411545066667
61.551554916667
48.82838335
50.522067783333
49.90001
62.986308116667
62.80490136
71.1809447
77.090156043333
68.985881
67.269676783333
