11.740327711667
18.701215833333
21.508531733333
21.20994035
22.596915833333
25.221671566667
27.207153
23.43108888
29.092603578333
28.680297846667
23.51431517
23.5338461045
30.463018408333
37.3987561
27.9941955
27.5968935
31.372690786667
27.915810165
28.374954863333
31.330086
43.022212683333
45.901789216667
45.025786776667
49.061034316667
48.36474085
58.224052098333
53.29299776
53.702431808667
65.869240768167
72.7829362
62.930917316667
56.663960075
78.148844066667
87.232801166667
109.00921466667
118.59674833333
84.724976355
92.358693866667
113.54357833333
101.55114666667
84.320829666667
62.6876791
74.390507833333
48.310982316667
43.211964
28.8427860505
41.1712249335
52.931346853333
48.391380523333
49.567006625
40.567950891667
47.404139948333
53.520263598833
63.837024166667
58.935522133333
54.306917366667
47.988744
64.409703833333
55.9850129
84.900782216667
67.217188463333
71.349556016667
77.852350166667
69.452839528333
65.36438
70.103328466667
77.459338
80.0175802
54.154408171833
74.025637456333
46.034120333333
47.061369
61.779602475
71.464278621833
58.976036083333
64.762764901667
74.949310171833
75.448595666667
115.04153598
140.7275025
119.29102781667
126.27103783333
138.52027107183
83.079151666667
49.27218293
49.579650366667
64.605593477
62.159601843667
61.9794172
39.958942921833
50.975029096333
55.2936573
74.91072695
52.945038733333
63.274767424167
69.09133
58.218163166667
51.751044666667
50.46649145
45.351043467
56.5367825
50.1577527
67.675234666667
63.323974771833
65.500051872833
94.8586248
61.829916333333
76.149931953
60.193126716667
51.657954454
48.398835493333
64.7482776985
62.864489733333
73.181077911667
64.787695044167
71.17568105
82.988425571833
71.007484383333
76.45773675
94.000152905167
78.985120503667
106.5280035
107.80486716667
93.417196933333
90.940734216667
76.23947955
83.7391172
90.406220666667
107.59366938333
104.45170633333
84.216040216667
94.301917933333
105.85785523333
86.63892538
99.188205
105.75955344417
119.9577703055
87.630068116667
42.131679467833
48.575576271667
49.993011561667
95.680270216667
98.660443666667
118.46007775
128.48159691667
98.056940833333
109.81931366667
97.2393922
69.505875666667
52.745654
77.001300603333
99.488508598333
65.136649716667
74.141634816667
61.6340095
44.8026305
61.786508766667
49.722687266667
59.944913483333
59.448661319833
76.376545016667
75.309050833333
66.9681186415
69.5568526595
71.63241857
61.085282833333
74.109317333333
61.523814135
61.858415166667
73.302129
82.7781191
60.409962465
54.6557099
74.11658
61.021275216667
39.265236376667
47.592306283333
43.108072363333
71.369084816667
83.136572
89.3597435
82.233537233333
113.27706886667
122.0838173
75.743813033333
88.4826718
95.7767393
101.36017741667
97.79351325
82.379557143333
63.419656716667
51.6645078875
54.065364720833
62.831760133333
47.809591933333
60.622711335333
56.759732511667
57.158687205833
58.181721946667
69.919020581833
86.756816905167
75.760717
75.4164921
69.271460355167
65.679489983333
101.23326616667
87.958045
60.644652932167
69.299696398667
75.550646938333
64.80002
70.964021833333
60.874591568333
75.188609166667
70.35246745
70.345838669167
89.3755072
83.505159483333
88.7461
109.5661055
72.860303185
94.58233085
51.590537166667
57.65039465
46.123192466667
50.84920585
59.301401905
49.9762925
56.300847983333
57.777250533333
57.21065085
70.765350641667
74.689720971833
57.56690235
54.325589266667
58.943239066667
63.42945266
80.402238
45.3255065885
74.260049483333
50.55933745
52.219615978333
57.823921315
49.737198383333
75.287113560333
56.906841198833
67.795984599833
72.482960016667
65.4983655605
65.550002622
43.147974048333
40.371845925667
64.792748866667
77.981987183333
57.477529743333
52.363268166667
44.8756395885
83.570763433333
69.817773833333
73.799150166667
64.294626916667
64.152036616667
68.781310733333
49.0354359
53.3949699885
49.117988083333
55.870259233333
49.232465066667
51.018294
94.8645775
100.3656465
132.46709131033
133.8895985
102.53553166667
82.697886596667
109.67670483333
122.07794201667
133.70669896667
87.398853275
80.743054
83.078576598333
69.619483666667
83.396667833333
87.090566333333
75.441068816667
81.5440124
86.824084616667
72.830431166667
87.147270571833
65.364950461667
72.497066443333
80.747968666667
68.375186905167
74.556254571833
66.121316333333
84.039297916667
90.806226333333
58.888222233333
78.820349983333
60.356394377
77.8459825
68.17513065
50.819220816667
81.164267666667
90.033450766667
71.476292533333
88.189715516667
96.936429216667
56.801756276167
52.74913895
69.721994833333
68.081993416667
49.763213833333
67.364083333333
62.577672516667
52.03934245
71.170671455
94.649298166667
112.11456315
88.76137844
120.86187016667
113.79541062067
129.35780090517
125.2087047385
75.977413451833
117.89762816667
94.879383666667
60.510544798333
66.788674516667
85.2848692325
92.625173166667
92.622617916667
71.507288
40.097864497
75.075445
74.451966605167
70.4468772385
89.394703415
88.505558666667
46.88566508
45.454378793333
42.722844
42.049552808333
44.9393429
45.7809022
59.720352833333
64.128759866667
55.1629515
53.05135291
75.2346265
50.967728016667
53.431240761667
77.191492166667
69.913386216667
82.282969
73.921150203333
83.890591541667
72.449518766667
66.56077957
62.563531588333
39.945073851667
70.282562756667
50.64606787
70.329082083333
91.786124756667
75.361554
59.305995621833
59.8059405
65.225312666667
65.629771066667
66.193608366667
59.42394935
73.859591366667
94.01047965
84.334233481667
90.556071883333
101.78451923333
98.825412
68.547720605167
60.8601698
76.250376833333
49.618766333333
50.489213055167
60.405264561
81.638838483333
60.482652916667
55.9920115785
79.68774685
77.706436383333
75.309381766667
81.158272333333
100.37682633333
112.89184333333
89.500304166667
80.597042666667
79.25913265
86.225575533333
93.196104533333
124.43593653333
97.439116666667
76.894714
88.862257310333
77.264458333333
81.551105105167
80.321288282833
63.115603645
88.016214671667
83.60674
51.04333032
57.652819266667
81.921132116667
54.761201265667
63.44696375
61.970470316667
55.63795849
82.47333445
53.177397894167
36.276752033333
45.3294306685
48.4670777385
44.508004706667
56.972744843667
63.460768993667
81.72001235
72.962749416667
77.962301477
60.3743993
88.68447595
91.549166588667
66.372790666667
60.008916
46.704352916667
45.94530751
46.890181625
53.230693088833
52.785706885667
58.486103728833
52.383255757333
49.55894
43.676303366833
53.0176505
62.630180188833
91.402231566667
84.303008666667
95.335565166667
119.63708683333
81.982821071833
147.25086733333
117.3058905
101.3316795
83.865462454
58.200653573833
65.4910652615
71.115470855167
77.218471905
69.00761435
74.305921666667
54.819121676667
45.9190436
53.380900716667
68.470759571833
74.949234333333
76.075046266667
81.972358833333
54.58763425
58.445999666667
65.533428
63.215400666667
65.916204666667
68.5561955
97.297202078333
93.802538411667
79.645622085
56.432221816667
69.6583195385
69.5168992885
68.414876666667
73.637138
87.351340333333
106.172451
108.08243226833
75.3156905885
66.479338216667
65.944520446667
81.163406
80.687371483333
80.813397666667
77.772224128833
53.1887705
69.397584666667
56.486010333333
51.7136465
51.941587304
50.5977284685
45.517099683333
52.32666195
64.894088251667
67.920729605167
44.866467333333
49.706994166667
56.130108221833
37.9855695385
52.598701416667
54.669923374833
87.699494813333
73.3532879
62.946577666667
72.460103914167
69.002854166667
71.426813933333
78.528376799333
82.466524521667
78.325389033333
66.381833305167
62.643702666667
75.744304516667
109.27148242083
87.093647666667
95.8992035
95.149575
95.148571882667
94.265126146
76.393684855
78.48253635
71.814842166667
66.0116577
62.1685007
54.789676565667
74.410578816667
82.44373255
74.022599416667
83.999561016667
86.674935166667
65.714652
92.966038333333
89.317541477
96.561489666667
85.412217
87.703729833333
92.528901886667
100.043547667
91.360503886667
65.4178961
111.252043
53.0553945385
47.974843016667
60.266484016667
52.258589633333
54.676254
54.446319
51.931387216667
58.5513505385
68.8646567235
64.3342314385
66.785937861167
54.095281666667
78.290120866667
78.245554166667
80.637854796667
63.522479666667
76.548314883333
92.166502666667
67.612390666667
90.871170791667
75.907260941667
89.379342
131.39429083333
99.311833666667
119.26651477833
108.546836952
99.135796141667
87.507730833333
85.443872
81.274113738333
75.497150263333
69.182393488333
82.136800333333
72.454977061833
86.5802085
116.25875083333
113.43827816667
99.373827233333
117.716748
80.812779333333
74.476729065
81.3262735
54.758001466667
63.531276071833
63.7340516
59.568169316667
64.400726571667
63.525444666667
83.037560433333
88.369662583333
71.369257321833
45.548951807167
41.619164732167
56.091917968333
55.644546351667
55.732547653333
43.2196176175
57.876110366667
48.602506931667
50.500673700167
54.672336333333
72.835944666667
77.308062966667
90.323965777
99.5978373715
75.052790048333
105.244976
125.84355176667
110.05884390517
86.83999055
112.95681347433
117.74693798333
101.1437145
108.02352683333
95.7833869
111.1808092
110.92635006667
109.650457
73.3305014
75.839688166667
91.9688985
83.551949315
86.24371505
86.611325183333
85.5698925
54.6910835
83.049401533333
101.23583028333
88.31005475
79.233811717333
67.712036833333
67.183813239667
55.492900723333
59.278340653333
61.990982816667
48.524838676667
65.597644666667
56.388811571833
57.7391404
55.397183666667
65.782798521833
90.2499197385
62.3632689
62.4381737135
59.193607333333
49.4750868
36.361340943333
41.636206183333
53.867034725
60.54812005
48.159529783333
84.039782
58.335565916667
73.6570274
85.464070932
120.34599666667
103.3518028885
81.925185166667
77.725162666667
76.530967816667
66.296045977
51.930102626167
51.78284055
60.976139
80.5572305
99.668173
78.478388525667
66.9264579905
91.521669766667
64.49986765
41.664666666667
62.723738806667
61.2920654385
62.656560415167
84.656148181667
79.760875160333
95.3594865
92.8874043
62.302439905167
50.50531211
46.016421266667
45.111125620333
44.1781193185
45.854648583333
40.247923833333
40.831085691667
43.260956733333
45.007360833333
48.303574581667
50.993980333333
75.090170263333
64.7711125
78.466933716667
99.504004191667
97.278864766667
115.44068126667
137.5850635
112.60204383333
98.918115833333
109.53923704367
109.292398
153.39444433333
110.2851616
85.085799833333
95.827821166667
112.72808316667
67.000813166667
92.6149725
113.9530190385
112.89975516667
147.44867483333
99.085466166667
110.22075540517
108.32710533333
123.68065166667
98.6617415
98.0121165
81.892626783333
62.184649666667
71.91757208
70.462930255
72.629934915
66.200141783333
84.225247366667
102.5752645
104.676672375
102.6133895
81.946108666667
55.139698
61.365983166667
46.6971942
83.044494333333
63.409095713333
60.729533916667
54.1671856785
53.751177434833
55.351308
54.105255583333
74.409626616667
76.109229538333
89.7343085545
55.7908655385
55.117215971167
53.491468433333
63.97456825
61.190617116667
59.332627221833
57.5771962
88.602423666667
68.840737366667
71.6868267385
87.734234533333
95.787550233333
91.70243325
110.95162116667
112.92020966667
63.660463147833
67.740201169833
60.451867933333
100.0654375
121.99662116667
104.08852333333
100.09363666667
100.81961340517
99.500716283333
113.57733835
136.88530231667
96.935001815
101.83359943333
93.106749366667
125.564253
140.58571266667
108.387901
101.90717451
112.66095131
60.187891548333
68.333021921667
80.77800673
79.474396383333
51.460032633333
69.981016571833
83.93863925
72.5145495
78.2270955
72.5461471
55.947897316667
52.854704233333
57.538823233333
55.570587
52.2709782385
64.471847
59.531317066667
62.696795666667
81.133595833333
72.62759055
56.072624133333
58.835143782
60.672890285
47.073581316667
50.027832833333
53.732623066667
77.137726555167
49.0222582385
60.95263595
72.3567324365
57.242354083333
85.110843666667
75.33694304
75.80371
86.117525933333
72.153600757667
100.8372185
77.419711675
108.65672366667
115.88240716667
134.28600333333
127.97714203333
145.26610566667
117.6994805
141.73453833333
107.45435413333
104.68196208683
106.94628626333
87.48634615
105.49252816667
71.552454866667
97.361366138833
93.5338073885
57.041726515
67.635519578333
53.679156935
65.679421444833
80.8625199
91.2875145
65.585217452
78.291051916667
62.102776833333
60.674782666667
50.482255018333
82.6823959885
62.405539183333
70.556074833333
59.9938755
89.904638683333
71.5174100935
82.860286478333
77.167137816667
73.37429265
73.690403566667
87.688059183333
104.4160305
76.8432395
80.751160433333
105.22997203333
97.573321775
81.401695920167
72.395432475
73.3264005
49.870459043667
47.516846883333
51.606441166667
83.162076033333
91.272287666667
69.2037134
78.101078721667
67.805380614667
66.595245405167
49.803988818333
48.502238266667
57.221349039
65.9721914045
82.468101666667
73.7711235885
50.55902732
63.256669368667
63.9518958
79.512385081667
69.717679896833
73.073307505167
71.352111833333
66.567707566667
74.492957666667
70.733251
73.077208333333
57.4179837
46.257292238333
47.536410666667
63.588212966667
71.269920966667
63.275447233333
67.563774333333
64.792823
48.80607565
60.100770893667
75.830831833333
90.429613883333
61.637970331833
67.556919333333
48.643244166667
52.533666316667
50.672810666667
57.765895233333
82.071439166667
64.061433683333
67.445457733333
66.979735216667
54.324326191667
76.504865983333
52.273960866667
52.5617101885
49.747097908333
60.828086883333
45.502672166667
86.66886
70.016644716667
86.501784115
53.229304471667
61.056907553333
55.119500158333
84.985674
74.6225155
65.434872833333
47.3791191
72.860276308333
41.22626215
63.89168414
75.288555683333
48.017645833333
39.805705666667
46.959439833333
53.085952351667
47.335902783333
60.110188433333
39.0475665
47.19649005
54.537942983333
57.3723799
59.228317036667
65.642201833333
48.934914803333
71.871999
65.924318551667
92.43310545
108.33886838217
51.720809416667
60.032553033333
54.064330705833
57.784709220833
51.126342049667
65.666575333333
101.16245733333
78.538531666667
76.223136071833
76.552284
54.560752316667
74.160774666667
78.757281363333
87.6897419
91.7768666
64.757418166667
72.506451910333
73.0401769
77.187677
78.115474616667
78.673354111833
75.681593155167
78.072756816667
68.810057091667
71.306628333333
69.157491383333
67.964584533333
80.293038342667
92.4002445
87.316396716667
78.3328945
116.1224595
95.049209666667
69.569782801667
81.049264763333
105.32091887667
93.55366
132.51920303333
84.244187733333
86.425206404
63.592789511833
47.344869578333
49.584733516667
51.322314331667
39.267406798333
53.518093216667
76.081460028333
64.622648983333
41.955724338833
59.6636569385
73.968444666667
96.5697738
