11.034252718333
20.609355366667
19.99715615
16.842616483333
27.82242755
22.064176033333
25.451016501667
32.939619548333
24.499674883333
36.421995716667
34.7671744
44.043637166667
41.636105
48.709101266667
54.910318
43.481949633333
51.2845362
53.527722733333
49.498967316667
47.897563685
58.749510833333
56.09600513
67.4018755
63.397036
65.51269065
54.653338666667
59.294909233333
58.0268103
54.409244766667
53.387206333333
52.564292833333
67.0170585
80.166515
78.834415333333
92.8871655
74.846020283333
83.268572
73.964826666667
54.2139075
66.893290833333
76.2505419
109.15552716667
65.8114255
43.259990166667
58.946181
50.956240666667
48.2827135
51.484620666667
60.596529166667
54.591141266667
49.063777433333
75.189011858333
86.946576251167
73.601886583333
68.961649833333
79.8209485
66.410758833333
46.586546733333
53.885476666667
52.380317
60.592951083333
70.798622016667
76.0843798
64.940878833333
77.646795666667
43.068173833333
55.1467
59.4415235
53.911899333333
58.9080305
57.008255166667
86.8385559
64.675281083333
93.968389666667
69.857340666667
65.990354833333
74.152740116667
74.231986
80.323318333333
81.7347165
97.002303333333
72.9205615
78.768545666667
117.57723116667
56.749920666667
60.215333
56.111185166667
77.928519
73.943151833333
70.889023991667
69.5715895
77.840470266667
78.799057266667
65.595622333333
66.050697333333
67.437826333333
61.051023616667
54.068198303333
75.290786666667
78.4017155
87.056809166667
78.559531833333
90.71825
80.922165
77.513065
67.902363333333
63.126929166667
59.512137
58.437568716667
60.962698666667
59.744478166667
54.776110166667
64.266701666667
54.673231387667
49.054019166667
54.969125833333
80.248289333333
62.649166166667
61.023954716667
59.202087766667
83.388081
75.903201
92.389235833333
68.350532
80.850224333333
89.214585666667
70.428171833333
55.299451783333
59.78510415
83.713407
94.0004365
126.65774483333
99.013589833333
83.077446166667
68.6899255
60.534789666667
72.303866043333
50.755153916667
54.9034120805
63.598119333333
85.512978166667
61.0847585
78.261089
109.47408483333
92.171400666667
75.627523666667
96.869353
92.824474
94.9749575
80.881107578333
78.982135833333
97.651088183333
92.144868666667
74.266737666667
77.640392166667
62.040402133333
47.6477487
56.245124016667
59.598451166667
78.937277666667
81.170282833333
98.9097705
81.386046
80.836167333333
72.967594833333
76.505680166667
61.261005333333
58.224974916667
74.964964666667
77.149902
64.382665333333
57.010153
74.328020333333
66.590610333333
88.80366
84.449242
70.965019666667
68.404001833333
55.551744833333
64.6208665
53.486998666667
62.800909333333
56.618042833333
71.489449333333
78.040568833333
83.310080833333
83.449353833333
74.67466625
69.647718166667
93.626218333333
80.717125166667
62.7122865
60.303907333333
64.2254355
56.068596833333
61.675187
51.026817333333
85.2787461
101.0299455
77.091088
70.431392833333
71.595294166667
75.180608666667
92.920914333333
70.9309585
65.565976666667
58.1758345
76.752361166667
57.8993495
64.9627815
63.934165533333
59.423417666667
79.172474166667
95.930975166667
70.592587
73.6052555
69.2960955
60.827241666667
53.875152
56.651841666667
83.273307666667
102.01772483333
97.2767755
72.960633833333
67.358651833333
78.110858333333
75.7852775
93.12521255
74.848632333333
57.7142375
57.849584683333
63.804296
48.518872868333
65.02042635
65.462667333333
51.262777666667
43.892435166667
49.665207
79.875619073167
52.0718112
62.717413
55.179282833333
56.127011531667
67.826071
57.476776833333
55.037492633333
61.29351955
55.9338975
66.222079
64.482908833333
54.324575333333
46.605541233333
67.037374
54.611954666667
59.971885016667
84.371460683333
84.62691035
94.105394666667
84.5312695
77.1621235
101.88801116667
106.26079233333
81.347997666667
82.787401548333
70.567850833333
54.526037833333
45.429607616667
49.907835666667
49.5297843
67.962498833333
62.995306516667
48.000969716667
52.526472
60.940611166667
57.66448495
48.126008083333
47.799689333333
47.688908833333
47.01605665
55.287637166667
64.228132166667
70.826454333333
74.843177333333
56.725952
66.799993166667
70.399584333333
78.8774055
71.350570433333
89.567389166667
77.501860166667
87.1235695
74.843435
78.181799833333
73.274403166667
95.069951666667
107.147558
78.070173033333
68.478604
48.761145516667
54.776893016667
73.699931583333
81.6637995
116.78680833333
105.19625216667
104.54255983333
115.14430133333
90.892391666667
78.467697666667
70.976940833333
59.651063333333
69.54861705
68.98775605
50.813319833333
56.677025666667
60.9241761
78.571689775
78.006435216667
87.851996833333
64.221805833333
89.343321166667
72.699981666667
76.566542333333
83.9431337
89.174052833333
57.764275685
61.478044333333
72.967251866667
78.276877166667
78.305373666667
79.915282
70.1893428555
89.871464333333
117.93038966667
79.213272333333
85.924125473333
86.54478405
72.780572
72.063204016667
64.5061675
54.570704
90.942018666667
65.744535731667
60.5927809
81.762945188333
61.124183566667
45.174234666667
45.493963841667
41.391103761667
42.450695101667
50.235284201667
72.288817583333
71.175654483333
77.95892275
80.615813473333
85.398742383333
82.862297071667
78.671731333333
67.884004518333
79.113391666667
73.303442911667
64.85509139
56.201916388333
69.169800833333
62.131814902
44.954235633333
59.811632233333
48.214078666667
51.567633665
39.574587266667
46.192297355
51.169599166667
51.174945483333
44.081017188333
51.706825233333
71.036481033333
81.543515473333
61.551408571667
64.389056163333
66.893218
69.26995733
66.873654455
56.480226566667
59.046316691667
42.367918448333
51.613739833333
45.870103436667
53.605149816667
55.934595541667
45.122281848133
47.531888848333
79.523006666667
66.447906133333
72.491977303833
54.384474688333
74.532091783333
69.090989513333
63.076414683333
63.560539733333
65.346784816667
61.989230275
71.739706283333
51.026302521667
42.715265450667
47.602856018333
45.131766186667
54.990412425
47.579774202833
58.44940205
64.094142823333
88.264945666667
55.227333516667
41.158139783333
42.66374315
46.92908591
46.52651844
35.070424166667
30.49117011885
38.714410066667
48.42271839
50.253646066667
37.625692171333
37.397671376667
44.562483904
40.470425233333
46.78437735
46.198463833333
53.566933663333
31.831961385
41.55704419
42.264084983333
38.047139883333
39.147587398333
51.175755005
51.254540336667
60.722990025
48.987916946667
52.0701992455
53.153183543333
62.4199583655
62.4875802
56.037105666667
47.655153833333
54.580143666667
49.498365
58.924243683333
48.118615321667
45.379659645
53.859429091667
47.10304
54.713977266667
38.600253176667
54.288337138333
51.909308083333
71.269844466667
60.753106618333
55.05325025
53.32660662
44.256298866667
73.5654763
54.000387494167
71.8164269
90.5120875
73.701725686667
69.4719464
75.637993003333
62.816120333333
72.126662
71.864370216667
55.755771181667
55.166738828333
60.316174113333
42.9070457
55.045122333333
35.1112929
49.484773903333
64.7506844
67.806351283333
57.992348333333
66.218235383333
58.798889616667
46.222934133333
48.983872833333
42.909822833333
42.402385
58.215362166667
42.66938681885
36.7021555
45.847495616667
53.208362183333
38.553524983333
34.997386616667
42.818739766667
54.611862783333
69.53027885
68.673224316667
70.007758716667
56.509730983333
54.230283166667
44.578938466667
52.088049996667
44.524494075
60.051174941667
78.408936166667
89.333656666667
98.766689838833
63.705252738333
51.823165433
69.604708429833
68.065277683333
59.945859503667
46.407613997
45.085111105333
56.46938439
66.324191166667
58.128524666667
41.854717233333
44.3030558
40.5797267
66.488928657333
78.333077995333
86.075673762
82.8799921
83.8885465
62.069280545
59.134258831667
65.593814688333
54.42587915
41.248062316667
27.9443365
27.961413902
31.8994577
41.1252777615
43.83767
52.673532338333
49.511544783333
41.675258516667
29.981054605
37.989861333333
30.01751845
39.938471866667
34.538268745
51.668349683333
57.049901316667
60.191443166667
47.320797956667
63.640453688333
92.501142326667
73.079271326667
75.661618666667
49.1722051
61.12164367
75.42570053
77.379580666667
79.493468666667
66.047319373333
53.6569904505
55.518256666667
52.49370327
71.174359355
47.305444116667
45.60379042
67.599784693333
53.455064533333
53.441561733333
47.108478166667
51.734815819667
60.179765009833
63.392047
46.386608666667
55.521814855
73.127765033333
46.525407593333
46.221557616667
60.7962321
49.359364666667
57.201564421667
49.907816688333
64.525242
63.787080033333
74.822438
67.3621985
76.819225366667
40.214083283333
42.301087716667
67.184235483333
83.050361833333
47.70567195
67.997190033333
65.460987836667
59.962912488
58.950893829667
44.264615818
51.785485256667
58.704491093333
60.242673943333
63.083001333333
47.233056478333
66.876441
60.05273995
46.0853579
60.4592741
76.215539216667
64.539989666667
57.196291166667
50.950456033333
46.106247716667
42.407429688333
63.253605355
43.738111716667
34.105600287
32.4589654935
39.397329583333
56.068468683333
49.832422283333
67.21683885
72.0423713
76.934254333333
68.108402640667
63.56486095
51.7852501
74.3836785
64.570511683333
47.478062833333
44.092817416667
59.564289761667
61.383893016667
45.6147005
44.59623215
80.54075995
39.62676905
52.963560571667
53.839440983333
65.9584695
52.356971096667
49.247622688333
70.816789833333
65.95509721
64.048329083333
77.864566683333
79.716490355
52.1149386055
43.597292044
59.301536881667
58.486022855
60.591342376667
63.3709585
58.450006355
46.302372
57.49734
57.124624616667
74.126350533333
50.449431833333
47.752325131667
74.228207919167
66.772962166667
52.684332171667
54.045480816667
72.594350621667
50.085876016667
61.216300448333
90.5852225
88.671150355
79.544178333333
80.062514666667
62.73538725
51.663100886667
43.15189182
34.598928643333
34.339160904333
34.544648903333
41.857743833333
54.624582015
59.952090357667
52.618121066667
49.642529566667
42.4177006
50.397596266667
58.536674981667
73.10321055
65.114226683333
47.02471846
47.907941615
43.165950416667
43.312487833333
47.607121066667
39.277634483333
44.8760044
52.190759366667
48.714237521667
58.784933305
41.1060067
62.9377298
39.510194771667
46.151545666667
57.756216833333
77.069410066667
59.731392588333
55.120945466667
62.23436226
59.968446255
81.84729175
85.7543427
46.14471148
63.490095575
58.27058675
64.460048466667
56.5634432
61.212152616667
53.346151983333
46.206201255
36.743825698333
36.267583933333
42.315692766667
37.541922588333
34.281207033333
48.206545833333
46.69308465
52.897628438333
60.500725516667
66.941612566667
66.030308366667
44.153183521667
54.634261383333
56.687096505
64.591599733333
63.337882616667
62.70988221
51.48151872
36.510888333333
53.96028747
58.735957876667
53.846492021667
58.151857021667
88.504280521667
48.20363395
34.57955856
45.396748633333
39.835586931667
49.91102595
58.193683383333
72.856286688333
65.220629853333
43.14921506
48.801836166667
55.252051
51.878928886667
50.535047043333
74.2795635
57.158707
46.938124583333
42.309463546667
45.640199205
48.872469316667
33.363096681667
32.1349729
33.398186166667
39.347404583333
35.620249633333
45.389290543333
77.880360905
67.035842193333
58.25327951
52.781848305
47.71627624
42.3917079
37.5523671
50.90520525
64.55434
59.236172383333
68.97334645
73.569962803333
63.312848205
70.244963866667
60.313820433333
51.498149538333
47.9036028
60.446689705
55.006261795
53.850141
55.777773606667
62.096768166667
77.414312736667
74.496987
90.121890816667
102.136226
72.813127166667
73.26705
88.991684166667
97.058926833333
96.901159033333
54.124909911667
43.955866811667
41.404006088333
52.791049745
45.214359233333
52.580985205
68.094992921667
61.151452483333
65.013759
56.798163666667
79.091855233333
75.218976566667
66.800088
61.872865116667
63.427907506667
66.41395305
67.712367733333
77.873150273333
87.914349733333
83.219768011667
75.930787166667
38.757783166667
36.859252355
45.842320042
50.4943708
56.742600983333
33.652684233333
61.487782116667
42.128397621667
65.299240916667
64.41662471
50.913102651667
58.711463055
64.150440033333
53.50703
56.911907
72.26651285
71.3636375
64.226777666667
100.20652537667
70.170496983333
59.5176086
61.247221021667
66.647180386667
80.332217
63.38660361
71.241107688333
90.049569716667
109.44207583333
142.19518366667
119.53477
95.1808625
111.26041876667
105.68722102167
106.64181583333
104.89719733333
67.802317983333
102.61302765
90.703489908167
107.0306215
94.330148933333
105.010813
75.903565916667
86.9290554
93.350469833333
62.0329362
75.588168166667
73.811250683333
86.875132333333
55.107359783333
82.813972483333
102.10555383333
119.29463398333
96.931573216667
49.727390891667
61.235795016667
58.067938066667
51.309578283333
57.260393833333
73.739535466667
67.578155702
64.431945834667
88.474938318667
115.38558731667
72.0776499
68.5139937
81.939876266667
68.871487283333
80.1957533
93.35810613
94.593831433333
108.97819933333
92.869216436667
58.43932657
75.9654435
77.354040783333
82.220373433333
76.679029283333
65.561855283333
59.313446635
64.36555807
84.013307
85.455089433333
77.550299633333
88.167891333333
100.935693102
93.178252006667
107.87576159
79.154195733333
75.846178283333
93.489466833333
95.7394595
96.426450333333
84.598036166667
90.0244125
101.97756066667
71.297161833333
91.813607283333
73.3792865
96.6799821
112.78790366667
112.51427316667
123.19634156667
135.15997166667
63.2759852
91.2463085
95.22440042
93.139724915
124.00329016667
104.09498581667
106.84462866667
108.19459366667
121.0254985
81.194318233333
89.24219895
90.17078735
80.420001233333
96.962223576667
123.54826316667
140.44170316667
142.18000166667
136.63765083333
114.8176875
107.35863838333
108.88798083333
104.650228035
145.24393998333
86.329447033333
101.69844383333
103.22522151667
78.76167505
86.892592833333
78.73625395
88.41261645
93.332762566667
78.419041333333
72.055939016667
79.067548166667
69.650941316667
72.483932166667
89.837261333333
51.881909553333
88.108514783333
93.276182166667
103.82927933333
114.489354
114.36224058333
122.149515
127.26010682667
110.21772016667
75.086242666667
103.15248666667
94.763372666667
105.1329672
103.52123
106.80976273333
76.192538433333
77.544936
82.584694916667
84.3196638
123.66980016667
89.338355
93.870022166667
87.395919
107.404456
121.637226
94.789413533333
88.957317666667
86.414592
86.769402833333
104.94507633333
106.87516566667
101.48628706667
72.303106666667
111.74535433333
81.6613615
97.205452633333
106.21902533333
88.850126883333
109.54619751667
113.19101428333
121.4887495
126.3002749
150.2887141
126.96620405
126.754035
138.57998066667
125.54314583333
111.628043
103.80585933333
