Generation  Best fitness    AverageFitness
1 100.12	11.034252718333
2 100.12	20.609355366667
3 126.383	19.99715615
4 126.383	16.842616483333
5 126.383	27.82242755
6 126.383	22.064176033333
7 126.383	25.451016501667
8 190.739	32.939619548333
9 190.739	24.499674883333
10 190.739	36.421995716667
11 190.739	34.7671744
12 222.417	44.043637166667
13 222.417	41.636105
14 222.417	48.709101266667
15 222.417	54.910318
16 249.479	43.481949633333
17 249.479	51.2845362
18 249.479	53.527722733333
19 249.479	49.498967316667
20 249.479	47.897563685
21 249.479	58.749510833333
22 301.135	56.09600513
23 301.135	67.4018755
24 301.135	63.397036
25 301.135	65.51269065
26 301.135	54.653338666667
27 301.135	59.294909233333
28 301.135	58.0268103
29 301.135	54.409244766667
30 301.135	53.387206333333
31 301.135	52.564292833333
32 301.135	67.0170585
33 329.034	80.166515
34 329.034	78.834415333333
35 329.034	92.8871655
36 329.034	74.846020283333
37 329.034	83.268572
38 329.034	73.964826666667
39 329.034	54.2139075
40 329.034	66.893290833333
41 329.034	76.2505419
42 329.034	109.15552716667
43 329.034	65.8114255
44 329.034	43.259990166667
45 329.034	58.946181
46 329.034	50.956240666667
47 329.034	48.2827135
48 329.034	51.484620666667
49 329.034	60.596529166667
50 329.034	54.591141266667
51 329.034	49.063777433333
52 329.034	75.189011858333
53 329.034	86.946576251167
54 329.034	73.601886583333
55 329.034	68.961649833333
56 329.034	79.8209485
57 329.034	66.410758833333
58 329.034	46.586546733333
59 329.034	53.885476666667
60 329.034	52.380317
61 341.997	60.592951083333
62 341.997	70.798622016667
63 341.997	76.0843798
64 341.997	64.940878833333
65 341.997	77.646795666667
66 341.997	43.068173833333
67 341.997	55.1467
68 341.997	59.4415235
69 341.997	53.911899333333
70 341.997	58.9080305
71 341.997	57.008255166667
72 341.997	86.8385559
73 341.997	64.675281083333
74 341.997	93.968389666667
75 341.997	69.857340666667
76 341.997	65.990354833333
77 341.997	74.152740116667
78 341.997	74.231986
79 341.997	80.323318333333
80 341.997	81.7347165
81 341.997	97.002303333333
82 341.997	72.9205615
83 341.997	78.768545666667
84 341.997	117.57723116667
85 341.997	56.749920666667
86 341.997	60.215333
87 341.997	56.111185166667
88 341.997	77.928519
89 341.997	73.943151833333
90 341.997	70.889023991667
91 341.997	69.5715895
92 341.997	77.840470266667
93 341.997	78.799057266667
94 341.997	65.595622333333
95 341.997	66.050697333333
96 341.997	67.437826333333
97 341.997	61.051023616667
98 341.997	54.068198303333
99 341.997	75.290786666667
100 341.997	78.4017155
101 341.997	87.056809166667
102 341.997	78.559531833333
103 341.997	90.71825
104 341.997	80.922165
105 341.997	77.513065
106 341.997	67.902363333333
107 341.997	63.126929166667
108 341.997	59.512137
109 341.997	58.437568716667
110 341.997	60.962698666667
111 341.997	59.744478166667
112 341.997	54.776110166667
113 341.997	64.266701666667
114 341.997	54.673231387667
115 341.997	49.054019166667
116 341.997	54.969125833333
117 341.997	80.248289333333
118 341.997	62.649166166667
119 341.997	61.023954716667
120 341.997	59.202087766667
121 341.997	83.388081
122 341.997	75.903201
123 351.09	92.389235833333
124 351.09	68.350532
125 351.09	80.850224333333
126 351.09	89.214585666667
127 351.09	70.428171833333
128 351.09	55.299451783333
129 351.09	59.78510415
130 351.09	83.713407
131 351.09	94.0004365
132 351.09	126.65774483333
133 351.09	99.013589833333
134 351.09	83.077446166667
135 351.09	68.6899255
136 351.09	60.534789666667
137 351.09	72.303866043333
138 351.09	50.755153916667
139 351.09	54.9034120805
140 351.09	63.598119333333
141 351.09	85.512978166667
142 351.09	61.0847585
143 351.09	78.261089
144 351.09	109.47408483333
145 351.09	92.171400666667
146 351.09	75.627523666667
147 351.09	96.869353
148 351.09	92.824474
149 351.09	94.9749575
150 351.09	80.881107578333
151 351.09	78.982135833333
152 351.09	97.651088183333
153 351.09	92.144868666667
154 351.09	74.266737666667
155 351.09	77.640392166667
156 351.09	62.040402133333
157 351.09	47.6477487
158 351.09	56.245124016667
159 351.09	59.598451166667
160 351.09	78.937277666667
161 351.09	81.170282833333
162 351.09	98.9097705
163 351.09	81.386046
164 351.09	80.836167333333
165 351.09	72.967594833333
166 351.09	76.505680166667
167 351.09	61.261005333333
168 351.09	58.224974916667
169 351.09	74.964964666667
170 351.09	77.149902
171 351.09	64.382665333333
172 351.09	57.010153
173 351.09	74.328020333333
174 351.09	66.590610333333
175 351.09	88.80366
176 351.09	84.449242
177 351.09	70.965019666667
178 351.09	68.404001833333
179 351.09	55.551744833333
180 351.09	64.6208665
181 351.09	53.486998666667
182 351.09	62.800909333333
183 351.09	56.618042833333
184 351.09	71.489449333333
185 351.09	78.040568833333
186 351.09	83.310080833333
187 351.09	83.449353833333
188 351.09	74.67466625
189 351.09	69.647718166667
190 351.09	93.626218333333
191 351.09	80.717125166667
192 351.09	62.7122865
193 351.09	60.303907333333
194 351.09	64.2254355
195 351.09	56.068596833333
196 351.09	61.675187
197 351.09	51.026817333333
198 351.09	85.2787461
199 351.09	101.0299455
200 351.09	77.091088
201 351.09	70.431392833333
202 351.09	71.595294166667
203 351.09	75.180608666667
204 351.09	92.920914333333
205 351.09	70.9309585
206 351.09	65.565976666667
207 351.09	58.1758345
208 351.09	76.752361166667
209 351.09	57.8993495
210 351.09	64.9627815
211 351.09	63.934165533333
212 351.09	59.423417666667
213 351.09	79.172474166667
214 351.09	95.930975166667
215 351.09	70.592587
216 351.09	73.6052555
217 351.09	69.2960955
218 351.09	60.827241666667
219 351.09	53.875152
220 351.09	56.651841666667
221 351.09	83.273307666667
222 351.09	102.01772483333
223 351.09	97.2767755
224 351.09	72.960633833333
225 351.09	67.358651833333
226 351.09	78.110858333333
227 351.09	75.7852775
228 351.09	93.12521255
229 351.09	74.848632333333
230 351.09	57.7142375
231 351.09	57.849584683333
232 351.09	63.804296
233 351.09	48.518872868333
234 351.09	65.02042635
235 351.09	65.462667333333
236 351.09	51.262777666667
237 351.09	43.892435166667
238 351.09	49.665207
239 351.09	79.875619073167
240 351.09	52.0718112
241 351.09	62.717413
242 351.09	55.179282833333
243 351.09	56.127011531667
244 351.09	67.826071
245 351.09	57.476776833333
246 351.09	55.037492633333
247 351.09	61.29351955
248 351.09	55.9338975
249 351.09	66.222079
250 355.232	64.482908833333
251 355.232	54.324575333333
252 355.232	46.605541233333
253 355.232	67.037374
254 355.232	54.611954666667
255 355.232	59.971885016667
256 355.232	84.371460683333
257 355.232	84.62691035
258 355.232	94.105394666667
259 355.232	84.5312695
260 355.232	77.1621235
261 355.232	101.88801116667
262 355.232	106.26079233333
263 355.232	81.347997666667
264 355.232	82.787401548333
265 355.232	70.567850833333
266 355.232	54.526037833333
267 355.232	45.429607616667
268 355.232	49.907835666667
269 355.232	49.5297843
270 355.232	67.962498833333
271 355.232	62.995306516667
272 355.232	48.000969716667
273 355.232	52.526472
274 355.232	60.940611166667
275 355.232	57.66448495
276 355.232	48.126008083333
277 355.232	47.799689333333
278 355.232	47.688908833333
279 355.232	47.01605665
280 355.232	55.287637166667
281 355.232	64.228132166667
282 355.232	70.826454333333
283 355.232	74.843177333333
284 355.232	56.725952
285 355.232	66.799993166667
286 355.232	70.399584333333
287 355.232	78.8774055
288 355.232	71.350570433333
289 355.232	89.567389166667
290 355.232	77.501860166667
291 355.232	87.1235695
292 355.232	74.843435
293 355.232	78.181799833333
294 355.232	73.274403166667
295 355.232	95.069951666667
296 355.232	107.147558
297 355.232	78.070173033333
298 355.232	68.478604
299 355.232	48.761145516667
300 355.232	54.776893016667
301 355.232	73.699931583333
302 355.232	81.6637995
303 355.232	116.78680833333
304 355.232	105.19625216667
305 355.232	104.54255983333
306 355.232	115.14430133333
307 355.232	90.892391666667
308 355.232	78.467697666667
309 355.232	70.976940833333
310 355.232	59.651063333333
311 355.232	69.54861705
312 355.232	68.98775605
313 355.232	50.813319833333
314 355.232	56.677025666667
315 355.232	60.9241761
316 355.232	78.571689775
317 355.232	78.006435216667
318 355.232	87.851996833333
319 355.232	64.221805833333
320 355.232	89.343321166667
321 355.232	72.699981666667
322 355.232	76.566542333333
323 355.232	83.9431337
324 355.232	89.174052833333
325 355.232	57.764275685
326 355.232	61.478044333333
327 355.232	72.967251866667
328 355.232	78.276877166667
329 355.232	78.305373666667
330 356.702	79.915282
331 356.702	70.1893428555
332 356.702	89.871464333333
333 356.702	117.93038966667
334 356.702	79.213272333333
335 356.702	85.924125473333
336 356.702	86.54478405
337 356.702	72.780572
338 363.301	72.063204016667
339 363.301	64.5061675
340 363.301	54.570704
341 363.301	90.942018666667
342 363.301	65.744535731667
343 363.301	60.5927809
344 363.301	81.762945188333
345 363.301	61.124183566667
346 363.301	45.174234666667
347 363.301	45.493963841667
348 363.301	41.391103761667
349 363.301	42.450695101667
350 363.301	50.235284201667
351 363.301	72.288817583333
352 363.301	71.175654483333
353 363.301	77.95892275
354 363.301	80.615813473333
355 363.301	85.398742383333
356 363.301	82.862297071667
357 363.301	78.671731333333
358 363.301	67.884004518333
359 363.301	79.113391666667
360 370.491	73.303442911667
361 370.491	64.85509139
362 370.491	56.201916388333
363 370.491	69.169800833333
364 370.491	62.131814902
365 370.491	44.954235633333
366 370.491	59.811632233333
367 370.491	48.214078666667
368 370.491	51.567633665
369 370.491	39.574587266667
370 370.491	46.192297355
371 370.491	51.169599166667
372 370.491	51.174945483333
373 370.491	44.081017188333
374 370.491	51.706825233333
375 370.491	71.036481033333
376 370.491	81.543515473333
377 370.491	61.551408571667
378 370.491	64.389056163333
379 370.491	66.893218
380 370.491	69.26995733
381 370.491	66.873654455
382 370.491	56.480226566667
383 370.491	59.046316691667
384 370.491	42.367918448333
385 370.491	51.613739833333
386 370.491	45.870103436667
387 370.491	53.605149816667
388 370.491	55.934595541667
389 370.491	45.122281848133
390 370.491	47.531888848333
391 370.491	79.523006666667
392 370.491	66.447906133333
393 370.491	72.491977303833
394 370.491	54.384474688333
395 370.491	74.532091783333
396 370.491	69.090989513333
397 370.491	63.076414683333
398 370.491	63.560539733333
399 370.491	65.346784816667
400 370.491	61.989230275
401 370.491	71.739706283333
402 370.491	51.026302521667
403 370.491	42.715265450667
404 370.491	47.602856018333
405 370.491	45.131766186667
406 370.491	54.990412425
407 370.491	47.579774202833
408 370.491	58.44940205
409 370.491	64.094142823333
410 370.491	88.264945666667
411 370.491	55.227333516667
412 370.491	41.158139783333
413 370.491	42.66374315
414 370.491	46.92908591
415 370.491	46.52651844
416 370.491	35.070424166667
417 370.491	30.49117011885
418 370.491	38.714410066667
419 370.491	48.42271839
420 370.491	50.253646066667
421 370.491	37.625692171333
422 370.491	37.397671376667
423 370.491	44.562483904
424 370.491	40.470425233333
425 370.491	46.78437735
426 370.491	46.198463833333
427 370.491	53.566933663333
428 370.491	31.831961385
429 370.491	41.55704419
430 370.491	42.264084983333
431 370.491	38.047139883333
432 370.491	39.147587398333
433 370.491	51.175755005
434 370.491	51.254540336667
435 370.491	60.722990025
436 370.491	48.987916946667
437 370.491	52.0701992455
438 370.491	53.153183543333
439 370.491	62.4199583655
440 370.491	62.4875802
441 370.491	56.037105666667
442 370.491	47.655153833333
443 370.491	54.580143666667
444 370.491	49.498365
445 370.491	58.924243683333
446 370.491	48.118615321667
447 370.491	45.379659645
448 370.491	53.859429091667
449 370.491	47.10304
450 370.491	54.713977266667
451 370.491	38.600253176667
452 370.491	54.288337138333
453 370.491	51.909308083333
454 370.491	71.269844466667
455 370.491	60.753106618333
456 370.491	55.05325025
457 370.491	53.32660662
458 370.491	44.256298866667
459 370.491	73.5654763
460 370.491	54.000387494167
461 370.491	71.8164269
462 370.491	90.5120875
463 370.491	73.701725686667
464 370.491	69.4719464
465 370.491	75.637993003333
466 370.491	62.816120333333
467 370.491	72.126662
468 370.491	71.864370216667
469 370.491	55.755771181667
470 370.491	55.166738828333
471 370.491	60.316174113333
472 370.491	42.9070457
473 370.491	55.045122333333
474 370.491	35.1112929
475 370.491	49.484773903333
476 370.491	64.7506844
477 370.491	67.806351283333
478 370.491	57.992348333333
479 370.491	66.218235383333
480 370.491	58.798889616667
481 370.491	46.222934133333
482 370.491	48.983872833333
483 370.491	42.909822833333
484 370.491	42.402385
485 370.491	58.215362166667
486 370.491	42.66938681885
487 370.491	36.7021555
488 370.491	45.847495616667
489 370.491	53.208362183333
490 370.491	38.553524983333
491 370.491	34.997386616667
492 370.491	42.818739766667
493 370.491	54.611862783333
494 370.491	69.53027885
495 370.491	68.673224316667
496 370.491	70.007758716667
497 370.491	56.509730983333
498 370.491	54.230283166667
499 370.491	44.578938466667
500 370.491	52.088049996667
501 370.491	44.524494075
502 370.491	60.051174941667
503 370.491	78.408936166667
504 370.491	89.333656666667
505 370.491	98.766689838833
506 370.491	63.705252738333
507 370.491	51.823165433
508 370.491	69.604708429833
509 370.491	68.065277683333
510 370.491	59.945859503667
511 370.491	46.407613997
512 370.491	45.085111105333
513 370.491	56.46938439
514 370.491	66.324191166667
515 370.491	58.128524666667
516 370.491	41.854717233333
517 370.491	44.3030558
518 370.491	40.5797267
519 370.491	66.488928657333
520 370.491	78.333077995333
521 370.491	86.075673762
522 370.491	82.8799921
523 370.491	83.8885465
524 370.491	62.069280545
525 370.491	59.134258831667
526 370.491	65.593814688333
527 370.491	54.42587915
528 370.491	41.248062316667
529 370.491	27.9443365
530 370.491	27.961413902
531 370.491	31.8994577
532 370.491	41.1252777615
533 370.491	43.83767
534 370.491	52.673532338333
535 370.491	49.511544783333
536 370.491	41.675258516667
537 370.491	29.981054605
538 370.491	37.989861333333
539 370.491	30.01751845
540 370.491	39.938471866667
541 370.491	34.538268745
542 370.491	51.668349683333
543 370.491	57.049901316667
544 370.491	60.191443166667
545 370.491	47.320797956667
546 370.491	63.640453688333
547 370.491	92.501142326667
548 370.491	73.079271326667
549 370.491	75.661618666667
550 370.491	49.1722051
551 370.491	61.12164367
552 370.491	75.42570053
553 370.491	77.379580666667
554 370.491	79.493468666667
555 370.491	66.047319373333
556 370.491	53.6569904505
557 370.491	55.518256666667
558 370.491	52.49370327
559 370.491	71.174359355
560 370.491	47.305444116667
561 370.491	45.60379042
562 370.491	67.599784693333
563 370.491	53.455064533333
564 370.491	53.441561733333
565 370.491	47.108478166667
566 370.491	51.734815819667
567 370.491	60.179765009833
568 370.491	63.392047
569 370.491	46.386608666667
570 370.491	55.521814855
571 370.491	73.127765033333
572 370.491	46.525407593333
573 370.491	46.221557616667
574 370.491	60.7962321
575 370.491	49.359364666667
576 370.491	57.201564421667
577 370.491	49.907816688333
578 370.491	64.525242
579 370.491	63.787080033333
580 370.491	74.822438
581 370.491	67.3621985
582 370.491	76.819225366667
583 370.491	40.214083283333
584 370.491	42.301087716667
585 370.491	67.184235483333
586 370.491	83.050361833333
587 370.491	47.70567195
588 370.491	67.997190033333
589 370.491	65.460987836667
590 370.491	59.962912488
591 370.491	58.950893829667
592 370.491	44.264615818
593 370.491	51.785485256667
594 370.491	58.704491093333
595 370.491	60.242673943333
596 370.491	63.083001333333
597 370.491	47.233056478333
598 370.491	66.876441
599 370.491	60.05273995
600 370.491	46.0853579
601 370.491	60.4592741
602 370.491	76.215539216667
603 370.491	64.539989666667
604 370.491	57.196291166667
605 370.491	50.950456033333
606 370.491	46.106247716667
607 370.491	42.407429688333
608 370.491	63.253605355
609 370.491	43.738111716667
610 370.491	34.105600287
611 370.491	32.4589654935
612 370.491	39.397329583333
613 370.491	56.068468683333
614 370.491	49.832422283333
615 370.491	67.21683885
616 370.491	72.0423713
617 370.491	76.934254333333
618 370.491	68.108402640667
619 370.491	63.56486095
620 370.491	51.7852501
621 370.491	74.3836785
622 370.491	64.570511683333
623 370.491	47.478062833333
624 370.491	44.092817416667
625 370.491	59.564289761667
626 370.491	61.383893016667
627 370.491	45.6147005
628 370.491	44.59623215
629 370.491	80.54075995
630 370.491	39.62676905
631 370.491	52.963560571667
632 370.491	53.839440983333
633 370.491	65.9584695
634 370.491	52.356971096667
635 370.491	49.247622688333
636 370.491	70.816789833333
637 370.491	65.95509721
638 370.491	64.048329083333
639 370.491	77.864566683333
640 370.491	79.716490355
641 370.491	52.1149386055
642 370.491	43.597292044
643 370.491	59.301536881667
644 370.491	58.486022855
645 370.491	60.591342376667
646 370.491	63.3709585
647 370.491	58.450006355
648 370.491	46.302372
649 370.491	57.49734
650 370.491	57.124624616667
651 370.491	74.126350533333
652 370.491	50.449431833333
653 370.491	47.752325131667
654 370.491	74.228207919167
655 370.491	66.772962166667
656 370.491	52.684332171667
657 370.491	54.045480816667
658 370.491	72.594350621667
659 370.491	50.085876016667
660 370.491	61.216300448333
661 370.491	90.5852225
662 370.491	88.671150355
663 370.491	79.544178333333
664 370.491	80.062514666667
665 370.491	62.73538725
666 370.491	51.663100886667
667 370.491	43.15189182
668 370.491	34.598928643333
669 370.491	34.339160904333
670 370.491	34.544648903333
671 370.491	41.857743833333
672 370.491	54.624582015
673 370.491	59.952090357667
674 370.491	52.618121066667
675 370.491	49.642529566667
676 370.491	42.4177006
677 370.491	50.397596266667
678 370.491	58.536674981667
679 370.491	73.10321055
680 370.491	65.114226683333
681 370.491	47.02471846
682 370.491	47.907941615
683 370.491	43.165950416667
684 370.491	43.312487833333
685 370.491	47.607121066667
686 370.491	39.277634483333
687 370.491	44.8760044
688 370.491	52.190759366667
689 370.491	48.714237521667
690 370.491	58.784933305
691 370.491	41.1060067
692 370.491	62.9377298
693 370.491	39.510194771667
694 370.491	46.151545666667
695 370.491	57.756216833333
696 370.491	77.069410066667
697 370.491	59.731392588333
698 370.491	55.120945466667
699 370.491	62.23436226
700 370.491	59.968446255
701 370.491	81.84729175
702 370.491	85.7543427
703 370.491	46.14471148
704 370.491	63.490095575
705 370.491	58.27058675
706 370.491	64.460048466667
707 370.491	56.5634432
708 370.491	61.212152616667
709 370.491	53.346151983333
710 370.491	46.206201255
711 370.491	36.743825698333
712 370.491	36.267583933333
713 370.491	42.315692766667
714 370.491	37.541922588333
715 370.491	34.281207033333
716 370.491	48.206545833333
717 370.491	46.69308465
718 370.491	52.897628438333
719 370.491	60.500725516667
720 370.491	66.941612566667
721 370.491	66.030308366667
722 370.491	44.153183521667
723 370.491	54.634261383333
724 370.491	56.687096505
725 370.491	64.591599733333
726 370.491	63.337882616667
727 370.491	62.70988221
728 370.491	51.48151872
729 370.491	36.510888333333
730 370.491	53.96028747
731 370.491	58.735957876667
732 370.491	53.846492021667
733 370.491	58.151857021667
734 370.491	88.504280521667
735 370.491	48.20363395
736 370.491	34.57955856
737 370.491	45.396748633333
738 370.491	39.835586931667
739 370.491	49.91102595
740 370.491	58.193683383333
741 370.491	72.856286688333
742 370.491	65.220629853333
743 370.491	43.14921506
744 370.491	48.801836166667
745 370.491	55.252051
746 370.491	51.878928886667
747 370.491	50.535047043333
748 370.491	74.2795635
749 370.491	57.158707
750 370.491	46.938124583333
751 370.491	42.309463546667
752 370.491	45.640199205
753 370.491	48.872469316667
754 370.491	33.363096681667
755 370.491	32.1349729
756 370.491	33.398186166667
757 370.491	39.347404583333
758 370.491	35.620249633333
759 370.491	45.389290543333
760 370.491	77.880360905
761 370.491	67.035842193333
762 370.491	58.25327951
763 370.491	52.781848305
764 370.491	47.71627624
765 370.491	42.3917079
766 370.491	37.5523671
767 370.491	50.90520525
768 370.491	64.55434
769 370.491	59.236172383333
770 370.491	68.97334645
771 370.491	73.569962803333
772 370.491	63.312848205
773 370.491	70.244963866667
774 370.491	60.313820433333
775 370.491	51.498149538333
776 370.491	47.9036028
777 370.491	60.446689705
778 370.491	55.006261795
779 370.491	53.850141
780 370.491	55.777773606667
781 370.491	62.096768166667
782 370.491	77.414312736667
783 370.491	74.496987
784 370.491	90.121890816667
785 370.491	102.136226
786 370.491	72.813127166667
787 370.491	73.26705
788 370.491	88.991684166667
789 370.491	97.058926833333
790 370.491	96.901159033333
791 370.491	54.124909911667
792 370.491	43.955866811667
793 370.491	41.404006088333
794 370.491	52.791049745
795 370.491	45.214359233333
796 370.491	52.580985205
797 370.491	68.094992921667
798 370.491	61.151452483333
799 370.491	65.013759
800 370.491	56.798163666667
801 370.491	79.091855233333
802 370.491	75.218976566667
803 370.491	66.800088
804 370.491	61.872865116667
805 370.491	63.427907506667
806 370.491	66.41395305
807 370.491	67.712367733333
808 370.491	77.873150273333
809 370.491	87.914349733333
810 370.491	83.219768011667
811 370.491	75.930787166667
812 370.491	38.757783166667
813 370.491	36.859252355
814 370.491	45.842320042
815 370.491	50.4943708
816 370.491	56.742600983333
817 370.491	33.652684233333
818 370.491	61.487782116667
819 370.491	42.128397621667
820 370.491	65.299240916667
821 370.491	64.41662471
822 370.491	50.913102651667
823 370.491	58.711463055
824 370.491	64.150440033333
825 370.491	53.50703
826 370.491	56.911907
827 370.491	72.26651285
828 370.491	71.3636375
829 370.491	64.226777666667
830 370.491	100.20652537667
831 370.491	70.170496983333
832 370.491	59.5176086
833 370.491	61.247221021667
834 370.491	66.647180386667
835 370.491	80.332217
836 370.491	63.38660361
837 370.491	71.241107688333
838 370.491	90.049569716667
839 370.491	109.44207583333
840 370.491	142.19518366667
841 370.491	119.53477
842 370.491	95.1808625
843 370.491	111.26041876667
844 378.319	105.68722102167
845 381.159	106.64181583333
846 381.159	104.89719733333
847 381.159	67.802317983333
848 419.009	102.61302765
849 419.009	90.703489908167
850 419.009	107.0306215
851 419.009	94.330148933333
852 419.009	105.010813
853 419.009	75.903565916667
854 419.009	86.9290554
855 419.009	93.350469833333
856 419.009	62.0329362
857 419.009	75.588168166667
858 419.009	73.811250683333
859 419.009	86.875132333333
860 419.009	55.107359783333
861 419.009	82.813972483333
862 419.009	102.10555383333
863 419.009	119.29463398333
864 419.009	96.931573216667
865 419.009	49.727390891667
866 419.009	61.235795016667
867 419.009	58.067938066667
868 419.009	51.309578283333
869 419.009	57.260393833333
870 419.009	73.739535466667
871 419.009	67.578155702
872 419.009	64.431945834667
873 419.009	88.474938318667
874 419.009	115.38558731667
875 419.009	72.0776499
876 419.009	68.5139937
877 419.009	81.939876266667
878 419.009	68.871487283333
879 419.009	80.1957533
880 419.009	93.35810613
881 419.009	94.593831433333
882 419.009	108.97819933333
883 419.009	92.869216436667
884 419.009	58.43932657
885 419.009	75.9654435
886 419.009	77.354040783333
887 419.009	82.220373433333
888 419.009	76.679029283333
889 419.009	65.561855283333
890 419.009	59.313446635
891 419.009	64.36555807
892 419.009	84.013307
893 419.009	85.455089433333
894 419.009	77.550299633333
895 419.009	88.167891333333
896 419.009	100.935693102
897 419.009	93.178252006667
898 419.009	107.87576159
899 419.009	79.154195733333
900 419.009	75.846178283333
901 419.009	93.489466833333
902 419.009	95.7394595
903 419.009	96.426450333333
904 419.009	84.598036166667
905 419.009	90.0244125
906 419.009	101.97756066667
907 419.009	71.297161833333
908 419.009	91.813607283333
909 419.009	73.3792865
910 419.009	96.6799821
911 419.009	112.78790366667
912 419.009	112.51427316667
913 419.009	123.19634156667
914 419.009	135.15997166667
915 419.009	63.2759852
916 419.009	91.2463085
917 419.009	95.22440042
918 419.009	93.139724915
919 419.009	124.00329016667
920 419.009	104.09498581667
921 419.009	106.84462866667
922 419.009	108.19459366667
923 419.009	121.0254985
924 419.009	81.194318233333
925 419.009	89.24219895
926 419.009	90.17078735
927 419.009	80.420001233333
928 419.009	96.962223576667
929 419.009	123.54826316667
930 419.009	140.44170316667
931 419.009	142.18000166667
932 419.009	136.63765083333
933 419.009	114.8176875
934 419.009	107.35863838333
935 419.009	108.88798083333
936 419.009	104.650228035
937 419.009	145.24393998333
938 419.009	86.329447033333
939 419.009	101.69844383333
940 419.009	103.22522151667
941 419.009	78.76167505
942 419.009	86.892592833333
943 419.009	78.73625395
944 419.009	88.41261645
945 419.009	93.332762566667
946 419.009	78.419041333333
947 419.009	72.055939016667
948 419.009	79.067548166667
949 419.009	69.650941316667
950 419.009	72.483932166667
951 419.009	89.837261333333
952 419.009	51.881909553333
953 419.009	88.108514783333
954 419.009	93.276182166667
955 419.009	103.82927933333
956 439.706	114.489354
957 439.706	114.36224058333
958 439.706	122.149515
959 439.706	127.26010682667
960 439.706	110.21772016667
961 439.706	75.086242666667
962 439.706	103.15248666667
963 439.706	94.763372666667
964 439.706	105.1329672
965 439.706	103.52123
966 439.706	106.80976273333
967 439.706	76.192538433333
968 439.706	77.544936
969 439.706	82.584694916667
970 439.706	84.3196638
971 439.706	123.66980016667
972 439.706	89.338355
973 439.706	93.870022166667
974 439.706	87.395919
975 439.706	107.404456
976 439.706	121.637226
977 439.706	94.789413533333
978 439.706	88.957317666667
979 439.706	86.414592
980 439.706	86.769402833333
981 439.706	104.94507633333
982 439.706	106.87516566667
983 439.706	101.48628706667
984 439.706	72.303106666667
985 439.706	111.74535433333
986 439.706	81.6613615
987 439.706	97.205452633333
988 439.706	106.21902533333
989 441.681	88.850126883333
990 441.681	109.54619751667
991 441.681	113.19101428333
992 441.681	121.4887495
993 441.681	126.3002749
994 441.681	150.2887141
995 441.681	126.96620405
996 441.681	126.754035
997 441.681	138.57998066667
998 441.681	125.54314583333
999 441.681	111.628043
1000 441.681	103.80585933333
