10.782039583333
14.512688916667
18.870359
19.02623955
20.672136483333
18.712899333333
20.2280651
22.71960125
14.920867573333
36.360782333333
32.081873366667
34.0308864
23.857147666667
23.675754233333
31.78771405
42.7347119
25.6847175
26.867430333333
27.267670966667
26.421042166667
19.975115483333
22.214016716667
25.162926666667
29.940956216667
27.193029
29.234007633333
18.978398366667
17.2862751
25.597670816667
27.771124383333
22.888502633333
29.051528
27.47632
35.005891833333
30.428158913333
26.390184
33.752757
26.877251666667
32.038826333333
24.69255405
33.577762183333
27.420977716667
23.468943666667
27.802874666667
23.882836
36.842529166667
21.187753
22.44670089
25.062391333333
21.588349833333
35.424427466667
36.42971105
34.7538593
34.049503483333
28.547467166667
34.806563166667
44.583075166667
49.468732666667
46.405802
43.3294464
44.236613983333
46.748683
40.289596666667
35.470342333333
37.6121473
28.931987858333
31.366364
27.751954166667
25.802499983333
25.989875166667
25.8612775
31.392567483333
20.231452466667
22.038053216667
21.06691095
21.743055
27.13822115
31.338856166667
26.25925135
19.787432833333
33.123239333333
24.087533333333
27.250562866667
24.625751333333
28.098287816667
31.81379845
35.646313383333
39.493123216667
24.974661816667
25.092511966667
22.621756666667
31.728314933333
31.676817133333
44.475029683333
41.262788566667
32.5851525
25.758264333333
33.71325275
37.53107105
47.224096266667
35.1784745
27.2884738
33.801394316667
33.936311666667
39.784553833333
42.325070183333
34.021345585
33.311991266667
33.631179333333
24.612062116667
33.959367483333
28.0499392
32.458156166667
28.8427711
27.481363166667
29.319513833333
35.412975216667
44.773754333333
47.66148875
37.544151345
29.4775568
19.6737025
30.245355833333
23.6677596
31.122892983333
20.6210332
27.185184383333
21.184429333333
21.627828133333
37.285386333333
28.08898895
18.053397
22.01747375
25.205599
48.640655636667
50.488109233333
38.9318465
21.82660745
37.699667333333
42.0929785
33.003421583333
28.44946765
31.7956264
32.828695333333
33.525326833333
33.852796
28.831544833333
25.95552905
25.2216847
23.578993166667
22.692183655
24.081103666667
27.087229533333
23.002991383333
22.470930083333
21.2069685
23.2330151
26.270491
30.512877
33.916736983333
34.446038983333
34.534232333333
32.494308766667
43.836215333333
28.112407383333
25.820077
30.900453666667
31.38692375
34.105154878333
31.937662
33.668310333333
26.372126483333
30.278395416667
33.43696255
29.2683891
27.571411633333
32.502135
37.46652195
36.861923666667
32.35599695
36.137226783333
40.280456
42.5335115
38.670858016667
44.265253833333
24.098125016667
31.468152083333
40.89842165
41.2337487
31.837442066667
27.427714083333
27.522162166667
32.403605
35.566330233333
29.8393525
23.054638666667
17.447852416667
32.781627166667
37.405126583333
44.6591579
26.059066583333
37.10332105
30.074217916667
31.8156682
29.064861683333
27.270240016667
31.648918038167
27.610202066667
20.110629666667
22.5875385
31.325626516667
29.6060723
22.913224
36.094866098333
32.316120383333
22.189185666667
34.633920833333
40.282300333333
38.0556433
43.53676765
34.607515166667
42.6831591
48.337943283333
47.199710666667
41.891026166667
36.345512
24.415720333333
25.534613166667
33.770105166667
26.998667666667
34.9690237
30.94224795
27.061499333333
28.896867766667
31.189363833333
22.911986833333
27.583587116667
24.897309728333
24.86077215
21.2648825
31.273533533333
34.14983765
36.082092833333
34.3892479
38.554383216667
41.21555175
32.6941422
28.05734375
32.6055465
33.476658666667
38.135771116667
29.7547527
26.072145
25.244751566667
33.223209833333
32.9348335
29.941800783333
30.580979666667
34.551039166667
39.622828166667
37.936274933333
38.615238833333
35.930316
34.885703283333
49.1041757
30.409220716667
43.049930666667
36.947343333333
29.26820345
30.649607333333
36.743021433333
33.61657
31.747181333333
37.049250998333
39.311116
43.66669205
32.796544333333
30.206984216667
43.484027466667
29.340357166667
31.895860983333
37.878735
45.078973183333
34.807859333333
30.777348933333
31.805284833333
31.308647216667
33.7286839
44.3423191
43.129094666667
37.336147916667
26.9599357
23.39613135
32.063354533333
34.839697833333
28.515205866667
22.060521016667
25.346807966667
20.861348583333
28.67174775
32.42873895
29.306826166667
39.6851312
41.435452816667
41.6468837
41.878648383333
41.32378195
28.280204333333
29.93171205
28.761043833333
25.657685
29.447192666667
35.2075365
44.075024166667
46.209998411667
49.2568755
59.563639
48.249426333333
35.625522134833
45.180910333333
42.23449955
40.42752025
49.034612
58.180415666667
64.257914383333
59.639988
74.071494
59.272068
53.190146133333
63.214644166667
46.4672899
51.807329833333
40.8412897
43.724041
64.361447333333
77.304137333333
62.8601735
59.545993866667
59.072344333333
57.586490166667
62.752676333333
58.048773666667
65.532126333333
69.928246833333
61.884651583333
49.274488
59.030724666667
50.565834283333
50.349102333333
65.466801333333
50.002719883333
65.04977065
57.7666105
48.194613466667
53.4580125
51.27238824
38.951369
47.06009655
48.459908666667
54.561191966667
44.933413616667
53.594411
62.057563333333
42.963766166667
65.902182666667
47.380367333333
29.332962166667
42.537783666667
34.8427559
41.351447
43.72121875
46.471302116667
51.610419666667
68.126227566667
62.475048383333
50.699574166667
69.575112666667
66.883061166667
45.83373
51.586310616667
40.08952665
47.819655
33.626265833333
35.289533666667
36.29312725
57.165608933333
60.190672668333
48.704292666667
77.346258666667
59.568280333333
73.403805483333
63.645920833333
51.120407833333
59.511146166667
49.8852895
47.639330233333
59.643061166667
51.212628833333
55.326457166667
45.36038794
46.7637378
64.251664833333
53.9346174
65.528557833333
68.538565833333
51.2491816
62.0055016
56.191243666667
81.268288
39.193182616667
48.342392833333
60.587348083333
47.169746516667
60.99371655
48.617
53.364852666667
47.289197166667
60.791227183333
45.615528666667
45.706065215
43.369020933333
56.2007783
55.016083116667
58.0158655
66.089821183333
61.02921945
43.861166
57.462862071667
60.883520833333
54.952210166667
46.531196766667
47.93467973
51.577294
49.628513
56.868762
38.637266578333
39.408987748333
55.2655925
46.995994833333
66.676816
72.99977
53.332188666667
42.238132316667
65.540752833333
76.791827833333
90.623697683333
99.3723095
78.276726766667
63.947392916667
55.750023333333
79.304646333333
61.365170166667
47.305955333333
55.134665
52.174620833333
37.779426333333
28.2875555
28.318197666667
33.231605166667
31.1218475
32.039264866667
52.79954
85.05781622
60.630834916667
61.430466333333
54.51193777
53.122535816667
56.067394666667
61.112135666667
74.351663833333
67.982693883333
83.056360333333
70.426674
64.818360116667
59.914466616667
55.410205016667
62.969020336833
52.6362175
52.611494
43.082571
48.9675421
44.102178066667
40.321232
55.053396166667
67.046794266667
64.893917833333
59.776364266667
60.7976908
35.300852266667
50.425092166667
65.522758833333
62.257672666667
53.884701080167
48.19749354
50.11251094
59.847742866667
64.78766965
50.67938
73.109192783333
50.834877
55.437043666667
43.4897779
38.497724803333
60.323237
50.972367733333
49.077840716667
52.752051466667
54.050804833333
64.642599566667
56.7238345
79.353917
74.094510733333
78.403774833333
53.212705675
59.290103933333
54.055172666667
80.373266833333
53.477850683333
52.969312833333
47.74785274
65.087021166667
70.088594333333
62.967362666667
95.539697
63.742916768333
60.830816666667
65.262615166667
71.794253833333
70.874510333333
64.743453166667
48.270715333333
40.9570689
58.626359616667
54.526962166667
57.424128333333
50.90448655
63.20664505
46.571939783333
42.377984666667
60.461764166667
62.834040333333
49.065699333333
56.321065075
66.517741
65.404337166667
58.515909583333
68.126408433333
68.131574833333
50.438376133333
52.758559983333
51.870954366667
51.201769866667
63.7008375
44.423309666667
51.2558545
45.71182589
48.483874333333
52.783559
55.961326333333
52.30030735
46.439127333333
38.1300975
51.404435
40.237654666667
59.06209395
48.5171605
51.347855166667
53.654853333333
45.237702666667
62.259703833333
51.036813725
50.940279833333
47.3227155
46.210368833333
50.130608033333
60.732752133333
57.6262495
56.825644333333
58.109254166667
56.03322565
56.915808288333
65.70692965
57.5293845
64.607422166667
40.154263103333
33.73788125
37.554026666667
35.290021166667
52.128015833333
49.117051183333
58.143261716667
51.777869166667
49.163895166667
52.087323166667
43.521334633333
50.020899416667
48.851412216667
46.165523033333
55.152764166667
46.782539583
56.8717466
50.039453333333
32.977332503333
64.103937166667
43.157359166667
42.421150083333
42.8142171
43.569249266667
49.220440966667
55.487461666667
44.206290266667
33.155638666667
55.4867223
45.265924266667
48.763280783333
51.21464865
48.8171578
43.111497333333
37.661445583333
50.46917
74.68357965
56.186244833333
53.74943
55.811960866667
48.247815833333
58.630784166667
55.04618078
49.548519733333
55.241392166667
48.728986166667
46.842582
49.690182833333
52.155247566667
57.075683833333
41.71409593
48.627103166667
42.168382233333
58.819636483333
38.7260485
57.4479043
58.882406631667
57.965776483333
50.858493666667
46.568940833333
58.703977283333
56.0043758
66.956323868333
59.3451142
44.409286833333
42.707757666667
37.59443075
35.770279
41.263729
33.85122799
46.442853833333
60.435347333333
36.23207485
41.597866
59.336866783333
60.804300833333
60.8059110405
43.712991333333
53.965000133333
63.035566616667
57.628198333333
50.9057775
51.417947515
67.337112666667
83.3901034
76.379652645
50.4858286
44.366964166667
52.292694166667
60.782502666667
63.537905333333
50.987219933333
60.628264
51.54766
70.163046833333
52.6986825
52.2283155
48.4200693
55.200412166667
56.232486666667
41.191698343333
44.764791166667
70.92286565
58.9236605
49.838942833333
48.624346733333
60.417101
57.979052333333
51.968060516667
50.531723833333
37.831308
44.387815333333
53.057173833333
68.044637333333
47.981986683333
42.545290666667
68.962574466667
71.656873
69.208189
50.846784166667
43.396002833333
47.434950283333
47.40176595
53.31924885
45.5691485
66.160243216667
67.947847833333
53.550765666667
73.77948215
58.808103166667
58.653722741667
56.643367383333
44.206155583333
54.4005465
43.508789823333
42.275379833333
31.636950833333
42.157982516667
41.010169333333
36.1472704
33.421844783333
30.319857116667
27.91753075
35.125138033333
37.782587666667
37.1519645
36.703122333333
39.72803145
37.334181433333
43.281516833333
54.3467565
37.97136
50.365915666667
40.741234833333
60.91718195
48.240946716667
48.811085166667
51.756406616667
47.334634133333
43.677308916667
39.270701616667
62.23160735
53.409332016667
41.633590833333
36.923712533333
58.276408833333
51.954919333333
66.904047833333
54.862862966667
68.815454783333
41.933022166667
45.690028633333
36.3083765
38.058539233333
33.855179566667
36.7589888
45.161046
40.7897665
44.7770365
52.408971516667
51.305489666667
45.158441833333
61.725592166667
63.4012522
62.2605175
93.452972
57.73369045
63.963007166667
67.307983066667
67.4995475
60.892648716667
53.668083666667
41.314683
45.55747225
46.403762333333
43.760326166667
42.319293666667
46.120428333333
44.660237833333
50.334490416667
51.251754866667
50.463384833333
55.246209583333
54.958415
69.040747253333
64.115069833333
63.812535666667
63.497061333333
68.887594333333
56.255488166667
56.582757166667
45.375113
55.2390555
45.344733833333
40.766079733333
53.223774166667
58.043746333333
56.553200216667
35.063671616667
51.731060166667
47.391284966667
72.886909833333
58.543521
47.714555883333
40.626959833333
36.448682191667
46.3072942
46.8594391
36.501128833333
39.63348035
48.638888333333
38.697961166667
38.732305816667
53.425012666667
50.667187333333
45.9574345
48.693752483333
48.281357
49.540904166667
46.586611333333
58.825829666667
51.671088233333
62.186994633333
59.945866333333
59.4122375
53.927806883333
47.878686666667
55.244847516667
63.789810833333
48.789391
52.761411666667
61.1031335
49.712392995
52.1156925
48.761941083333
50.627447083333
40.887840666667
47.536161
51.870721233333
46.17132865
54.903158566667
69.483114033333
64.106629666667
56.844815033333
45.980370716667
41.587084483333
46.473791333333
34.892132166667
36.370792966667
43.17998
35.3569212
46.648764533333
33.82715337
52.4408507
34.001885066667
29.4770409
45.712435143333
49.624276
41.841141333333
62.373434666667
51.309732333333
43.3322102
55.253391666667
51.553171666667
49.82635445
45.828267166667
58.289828666667
67.085053166667
66.027207
57.588356333333
57.404716833333
52.325850966667
71.280514166667
70.1399008
51.143983166667
68.939139666667
71.73081655
54.7918904
44.879447166667
41.744956416667
42.488316566667
45.784531833333
38.477517333333
52.4817725
47.966309833333
67.100882
64.043212166667
53.084436983333
62.464198
59.822723626667
61.644056666667
56.00784035
35.777310166667
33.343012333333
32.704244133333
40.232410216667
49.048839666667
43.2644284
50.343155666667
56.817611633333
66.502296166667
63.433080833333
58.4218855
60.154328833333
51.0264022
52.0443315
40.945874316667
49.6927455
57.170503833333
51.294604166667
40.270388
48.663526183333
51.993568166667
39.965662583333
46.976102883333
32.073351
46.330155
39.543188833333
48.721670666667
45.0166085
44.885890633333
49.31129765
38.515013666667
59.675002616667
58.274672166667
41.71472155
71.746444316667
50.314972583333
43.226678166667
43.258121633333
69.005819
50.982629
64.043120666667
58.098345666667
49.677428833333
61.7939242
44.369017466667
55.7905625
46.625021166667
53.131875618333
68.039781
76.214858166667
52.880523666667
87.6842475
63.556551016667
56.408469
61.074130333333
64.721866666667
69.006684766667
92.3430198
60.254552333333
56.114961666667
53.934468333333
77.060751116667
64.886827333333
73.509040166667
89.256205666667
117.5240635
87.110257916667
72.2696755
51.0170945
55.0672695
56.055348
49.1330395
70.1362835
90.671827266667
95.086871333333
56.692163516667
59.561745333333
53.281269316667
49.884418266667
63.8676816
61.04421645
49.158054373333
56.275521783333
54.77413
50.310576333333
49.356056583333
54.974198833333
42.651637
53.788425333333
51.8206235
67.91085685
44.155718
50.3999955
57.145343166667
53.928295833333
46.4136805
47.106288833333
40.990558616667
48.752782333333
60.884261333333
39.20880075
47.563209916667
43.920159416667
62.089297983333
57.921003816667
62.447697666667
55.429537
53.616370333333
45.568308183333
60.626417383333
74.965235763333
59.797466733333
47.423338166667
49.694569566667
82.324958333333
61.033670166667
62.936804733333
54.644398833333
49.849073666667
46.749110366667
50.131502766667
43.0903166
68.017908066667
62.745124816667
52.3151165
65.128001366667
68.584429783333
55.073661
68.4916225
66.3040265
56.481300466667
56.146029416667
63.661927225
59.789368166667
57.965618
55.063091766667
53.373120756667
57.757097208333
47.533631116667
35.964716166667
40.685675666667
37.036675883333
51.748682583333
48.035943333333
46.6692495
38.363466616667
65.283968666667
62.8140504
60.017223616667
52.701294666667
41.642991016667
57.854927666667
45.57988625
58.238567833333
53.440256
43.2288795
51.729213166667
64.648610813333
66.9653695
72.654068666667
80.483856466667
54.730477916667
62.283734666667
46.996391183333
38.939094833333
61.5211241
57.5939025
43.764503166667
43.994648683333
36.766906166667
38.685380333333
39.989355
34.023948833333
44.642675333333
38.701296566667
43.290024583333
39.083862666667
38.925319366667
33.610740833333
48.433198166667
46.720233166667
48.10645085
47.816990098333
47.950536666667
51.3609135
40.480904333333
42.893451666667
38.323036216667
41.0874775
41.753377333333
37.30816645
35.275177633333
39.566140783333
40.468572716667
52.76085505
50.944685666667
41.919832343333
27.482508833333
30.1511691165
27.127360403333
27.212366833333
42.7378004
44.208935666667
43.204155333333
30.515013016667
49.098164878333
33.1397102
44.258441833333
41.101512
67.5273825
50.009869666667
32.304381216667
50.991372816667
37.862317616667
42.097049516667
39.8531859
61.202074833333
38.433526666667
45.847685183333
47.136064433333
44.003270333333
52.700595101667
37.591403833333
38.071043566667
38.764148283333
43.099488383333
58.368966416667
50.94868685
51.103908666667
69.356081931667
56.078574866667
58.448583666667
42.194888083333
41.038719333333
40.454829333333
43.155891833333
45.70450145
44.847184966667
47.283398333333
56.28454465
57.772799833333
45.27635335
56.4784295
37.765989761667
40.8343725
36.4168379
42.039496383333
32.967101166667
31.994099833333
48.431859618333
56.306417833333
63.570774666667
68.158835333333
52.148955333333
48.493362666667
56.017581166667
65.969293333333
64.631233883333
60.363225333333
56.846059166667
43.570223666667
58.76779455
55.5076865
48.3385515
44.103407766667
56.161016666667
35.932673166667
51.038483833333
41.294673666667
56.300663333333
54.538713
59.290389333333
30.941995066667
39.995428
30.522597833333
43.996256
38.952776166667
44.328621855
51.527521
43.28219285
38.29742785
37.66155235
58.11733765
51.7701797
54.3318015
55.013205816667
58.83101165
43.412267084667
55.288501833333
54.653581666667
56.4699876
54.510224666667
52.509360333333
71.82096
69.9919725
46.6093693
42.796163328333
59.254349166667
49.895031683333
45.163956483333
48.801847933333
38.273308
44.57090575
61.8928485
62.6895605
59.935695516667
59.028178333333
68.33494815
71.541588333333
49.660285865
58.867081166667
54.673014466667
57.851151533333
47.525090666667
48.07034665
40.922842333333
35.988121833333
51.501506516667
32.756237833333
41.889309
47.797771666667
39.3854985
52.974659566667
51.566757766667
45.066198
41.865662
42.98386295
55.562534
69.867417666667
51.339746166667
44.76733385
61.26083295
60.1710975
51.534524833333
62.740419333333
46.917401166667
54.106775833333
56.001698833333
39.624908333333
41.45530675
47.583296
47.778962666667
47.998764
40.08968245
34.460573833333
45.064207766667
46.6394709
49.263905
43.416718833333
39.992608166667
50.9205478
42.760911166667
66.717313666667
47.83352815
52.338631866667
49.3663583
52.050235166667
53.424048166667
48.902973
37.443368116667
40.697101883333
43.511377833333
37.97435235
42.651787733333
47.037683333333
51.946446333333
55.527349333333
61.797773833333
50.838094066667
51.736348316667
42.843746166667
43.667140983333
47.102457466667
76.163973333333
51.287893283333
47.96328535
47.612907883333
76.865692833333
55.011114816667
58.7212775
57.291453333333
46.523684833333
41.860536666667
50.670970833333
70.881811
59.458764666667
61.351584833333
50.2880422
72.239048166667
63.9144935
53.152532
57.025716
49.124098666667
49.389854116667
69.976745966667
49.4421876
56.173115
57.5043327
49.970954883333
49.93242865
78.478695666667
65.261637166667
62.026783816667
67.004015166667
60.873437833333
54.5258545
57.984565166667
55.037157666667
35.791588666667
39.8255665
46.527437733333
36.866387833333
36.855611083333
50.863759333333
38.510355316667
43.0869305
44.93841165
40.636275733333
48.24732235
45.799177016667
43.706748666667
38.73315285
60.15705035
44.147609083333
62.755437
60.593719
42.27665965
49.586915583333
40.337595833333
43.674996866667
56.526923
62.366950166667
72.6149188
58.96355285
60.631359833333
50.843955616667
56.800325666667
44.610866833333
50.625430683333
46.786101733333
49.992977333333
65.067729166667
78.063476166667
50.084237833333
41.1498875
48.48025025
48.788887283333
52.035302166667
53.010755588333
48.035478416667
70.263387283333
65.446015
49.046110083333
54.908569383333
59.123217466667
52.796168566667
43.1378995
37.358687166667
42.659272783333
45.809599066667
61.392326403333
48.053718666667
34.500693333333
35.0844445
42.905023183333
41.2956539
42.663714733333
42.043395166667
51.541629833333
44.47466665
55.6512955
60.948003008333
66.94272015
48.362411
64.492794166667
45.8445394
63.316727833333
51.802163333333
74.529179333333
65.107408333333
67.533261333333
58.65969145
42.32870305
54.93301765
55.294419883333
59.590663666667
68.784894666667
43.868774133333
47.338187583333
73.329723
58.577291233333
63.544366
46.83806555
51.489073866667
50.6082188
42.3478983
38.182261833333
39.005361666667
48.068319833333
56.9412135
54.607742
66.686133916667
74.845268333333
56.064517166667
