Generation  Best fitness    AverageFitness
1 93.7085	10.782039583333
2 93.7085	14.512688916667
3 93.7085	18.870359
4 93.7085	19.02623955
5 143.776	20.672136483333
6 143.776	18.712899333333
7 143.776	20.2280651
8 143.776	22.71960125
9 147.221	14.920867573333
10 147.221	36.360782333333
11 179.842	32.081873366667
12 179.842	34.0308864
13 179.842	23.857147666667
14 179.842	23.675754233333
15 181.232	31.78771405
16 181.232	42.7347119
17 181.232	25.6847175
18 181.232	26.867430333333
19 181.232	27.267670966667
20 181.232	26.421042166667
21 181.232	19.975115483333
22 181.232	22.214016716667
23 181.232	25.162926666667
24 181.232	29.940956216667
25 181.232	27.193029
26 181.232	29.234007633333
27 181.232	18.978398366667
28 181.232	17.2862751
29 181.232	25.597670816667
30 181.232	27.771124383333
31 181.232	22.888502633333
32 181.232	29.051528
33 183.866	27.47632
34 183.866	35.005891833333
35 183.866	30.428158913333
36 183.866	26.390184
37 183.866	33.752757
38 183.866	26.877251666667
39 187.362	32.038826333333
40 187.362	24.69255405
41 187.362	33.577762183333
42 187.362	27.420977716667
43 187.362	23.468943666667
44 187.362	27.802874666667
45 187.362	23.882836
46 187.362	36.842529166667
47 187.362	21.187753
48 187.362	22.44670089
49 187.362	25.062391333333
50 187.362	21.588349833333
51 187.362	35.424427466667
52 187.362	36.42971105
53 187.362	34.7538593
54 187.362	34.049503483333
55 187.362	28.547467166667
56 187.362	34.806563166667
57 187.362	44.583075166667
58 187.362	49.468732666667
59 212.728	46.405802
60 212.728	43.3294464
61 212.728	44.236613983333
62 212.728	46.748683
63 212.956	40.289596666667
64 212.956	35.470342333333
65 212.956	37.6121473
66 212.956	28.931987858333
67 212.956	31.366364
68 212.956	27.751954166667
69 212.956	25.802499983333
70 212.956	25.989875166667
71 212.956	25.8612775
72 212.956	31.392567483333
73 212.956	20.231452466667
74 212.956	22.038053216667
75 212.956	21.06691095
76 212.956	21.743055
77 212.956	27.13822115
78 212.956	31.338856166667
79 212.956	26.25925135
80 212.956	19.787432833333
81 212.956	33.123239333333
82 212.956	24.087533333333
83 212.956	27.250562866667
84 212.956	24.625751333333
85 212.956	28.098287816667
86 212.956	31.81379845
87 212.956	35.646313383333
88 212.956	39.493123216667
89 212.956	24.974661816667
90 212.956	25.092511966667
91 212.956	22.621756666667
92 212.956	31.728314933333
93 212.956	31.676817133333
94 246.259	44.475029683333
95 246.259	41.262788566667
96 246.259	32.5851525
97 246.259	25.758264333333
98 246.259	33.71325275
99 247.701	37.53107105
100 247.701	47.224096266667
101 247.701	35.1784745
102 247.701	27.2884738
103 247.701	33.801394316667
104 247.701	33.936311666667
105 247.701	39.784553833333
106 247.701	42.325070183333
107 247.701	34.021345585
108 247.701	33.311991266667
109 247.701	33.631179333333
110 247.701	24.612062116667
111 247.701	33.959367483333
112 247.701	28.0499392
113 247.701	32.458156166667
114 247.701	28.8427711
115 247.701	27.481363166667
116 247.701	29.319513833333
117 247.701	35.412975216667
118 247.701	44.773754333333
119 247.701	47.66148875
120 247.701	37.544151345
121 247.701	29.4775568
122 247.701	19.6737025
123 247.701	30.245355833333
124 247.701	23.6677596
125 247.701	31.122892983333
126 247.701	20.6210332
127 247.701	27.185184383333
128 247.701	21.184429333333
129 247.701	21.627828133333
130 247.701	37.285386333333
131 247.701	28.08898895
132 247.701	18.053397
133 247.701	22.01747375
134 247.701	25.205599
135 247.701	48.640655636667
136 247.701	50.488109233333
137 247.701	38.9318465
138 247.701	21.82660745
139 247.701	37.699667333333
140 247.701	42.0929785
141 247.701	33.003421583333
142 247.701	28.44946765
143 247.701	31.7956264
144 247.701	32.828695333333
145 247.701	33.525326833333
146 247.701	33.852796
147 247.701	28.831544833333
148 247.701	25.95552905
149 247.701	25.2216847
150 247.701	23.578993166667
151 247.701	22.692183655
152 247.701	24.081103666667
153 247.701	27.087229533333
154 247.701	23.002991383333
155 247.701	22.470930083333
156 247.701	21.2069685
157 247.701	23.2330151
158 247.701	26.270491
159 247.701	30.512877
160 247.701	33.916736983333
161 247.701	34.446038983333
162 247.701	34.534232333333
163 247.701	32.494308766667
164 247.701	43.836215333333
165 247.701	28.112407383333
166 247.701	25.820077
167 247.701	30.900453666667
168 247.701	31.38692375
169 247.701	34.105154878333
170 247.701	31.937662
171 247.701	33.668310333333
172 247.701	26.372126483333
173 247.701	30.278395416667
174 247.701	33.43696255
175 247.701	29.2683891
176 247.701	27.571411633333
177 247.701	32.502135
178 247.701	37.46652195
179 247.701	36.861923666667
180 247.701	32.35599695
181 247.701	36.137226783333
182 247.701	40.280456
183 247.701	42.5335115
184 247.701	38.670858016667
185 247.701	44.265253833333
186 247.701	24.098125016667
187 247.701	31.468152083333
188 247.701	40.89842165
189 247.701	41.2337487
190 247.701	31.837442066667
191 247.701	27.427714083333
192 247.701	27.522162166667
193 247.701	32.403605
194 247.701	35.566330233333
195 247.701	29.8393525
196 247.701	23.054638666667
197 247.701	17.447852416667
198 247.701	32.781627166667
199 247.701	37.405126583333
200 247.701	44.6591579
201 247.701	26.059066583333
202 247.701	37.10332105
203 247.701	30.074217916667
204 247.701	31.8156682
205 247.701	29.064861683333
206 247.701	27.270240016667
207 247.701	31.648918038167
208 247.701	27.610202066667
209 247.701	20.110629666667
210 247.701	22.5875385
211 247.701	31.325626516667
212 247.701	29.6060723
213 247.701	22.913224
214 247.701	36.094866098333
215 247.701	32.316120383333
216 247.701	22.189185666667
217 247.701	34.633920833333
218 247.701	40.282300333333
219 247.701	38.0556433
220 247.701	43.53676765
221 247.701	34.607515166667
222 247.701	42.6831591
223 247.701	48.337943283333
224 247.701	47.199710666667
225 247.701	41.891026166667
226 247.701	36.345512
227 247.701	24.415720333333
228 247.701	25.534613166667
229 247.701	33.770105166667
230 247.701	26.998667666667
231 250.013	34.9690237
232 250.013	30.94224795
233 250.013	27.061499333333
234 250.013	28.896867766667
235 250.013	31.189363833333
236 250.013	22.911986833333
237 250.013	27.583587116667
238 250.013	24.897309728333
239 250.013	24.86077215
240 250.013	21.2648825
241 250.013	31.273533533333
242 253.694	34.14983765
243 253.694	36.082092833333
244 253.694	34.3892479
245 253.694	38.554383216667
246 257.556	41.21555175
247 257.556	32.6941422
248 257.556	28.05734375
249 257.556	32.6055465
250 257.556	33.476658666667
251 257.556	38.135771116667
252 257.556	29.7547527
253 257.556	26.072145
254 257.556	25.244751566667
255 257.556	33.223209833333
256 257.556	32.9348335
257 257.556	29.941800783333
258 257.556	30.580979666667
259 257.556	34.551039166667
260 257.556	39.622828166667
261 257.556	37.936274933333
262 257.556	38.615238833333
263 257.556	35.930316
264 257.556	34.885703283333
265 257.556	49.1041757
266 257.556	30.409220716667
267 257.556	43.049930666667
268 257.556	36.947343333333
269 257.556	29.26820345
270 257.556	30.649607333333
271 257.556	36.743021433333
272 257.556	33.61657
273 257.556	31.747181333333
274 257.556	37.049250998333
275 257.556	39.311116
276 257.556	43.66669205
277 257.556	32.796544333333
278 257.556	30.206984216667
279 257.556	43.484027466667
280 257.556	29.340357166667
281 257.556	31.895860983333
282 257.556	37.878735
283 257.556	45.078973183333
284 257.556	34.807859333333
285 257.556	30.777348933333
286 257.556	31.805284833333
287 257.556	31.308647216667
288 257.556	33.7286839
289 257.556	44.3423191
290 257.556	43.129094666667
291 257.556	37.336147916667
292 257.556	26.9599357
293 257.556	23.39613135
294 275.432	32.063354533333
295 275.432	34.839697833333
296 275.432	28.515205866667
297 275.432	22.060521016667
298 275.432	25.346807966667
299 275.432	20.861348583333
300 275.432	28.67174775
301 275.432	32.42873895
302 275.432	29.306826166667
303 275.432	39.6851312
304 275.432	41.435452816667
305 275.432	41.6468837
306 275.432	41.878648383333
307 275.432	41.32378195
308 275.432	28.280204333333
309 275.432	29.93171205
310 275.432	28.761043833333
311 275.432	25.657685
312 275.432	29.447192666667
313 275.432	35.2075365
314 275.432	44.075024166667
315 275.432	46.209998411667
316 275.432	49.2568755
317 419.746	59.563639
318 419.746	48.249426333333
319 419.746	35.625522134833
320 419.746	45.180910333333
321 419.746	42.23449955
322 419.746	40.42752025
323 419.746	49.034612
324 419.746	58.180415666667
325 419.746	64.257914383333
326 419.746	59.639988
327 419.746	74.071494
328 419.746	59.272068
329 419.746	53.190146133333
330 419.746	63.214644166667
331 419.746	46.4672899
332 419.746	51.807329833333
333 419.746	40.8412897
334 419.746	43.724041
335 419.746	64.361447333333
336 419.746	77.304137333333
337 419.746	62.8601735
338 419.746	59.545993866667
339 419.746	59.072344333333
340 419.746	57.586490166667
341 419.746	62.752676333333
342 419.746	58.048773666667
343 419.746	65.532126333333
344 419.746	69.928246833333
345 419.746	61.884651583333
346 419.746	49.274488
347 419.746	59.030724666667
348 419.746	50.565834283333
349 419.746	50.349102333333
350 419.746	65.466801333333
351 419.746	50.002719883333
352 419.746	65.04977065
353 419.746	57.7666105
354 419.746	48.194613466667
355 419.746	53.4580125
356 419.746	51.27238824
357 419.746	38.951369
358 419.746	47.06009655
359 419.746	48.459908666667
360 419.746	54.561191966667
361 419.746	44.933413616667
362 419.746	53.594411
363 419.746	62.057563333333
364 419.746	42.963766166667
365 419.746	65.902182666667
366 419.746	47.380367333333
367 419.746	29.332962166667
368 419.746	42.537783666667
369 419.746	34.8427559
370 419.746	41.351447
371 419.746	43.72121875
372 419.746	46.471302116667
373 419.746	51.610419666667
374 419.746	68.126227566667
375 419.746	62.475048383333
376 419.746	50.699574166667
377 419.746	69.575112666667
378 419.746	66.883061166667
379 419.746	45.83373
380 419.746	51.586310616667
381 419.746	40.08952665
382 419.746	47.819655
383 419.746	33.626265833333
384 419.746	35.289533666667
385 419.746	36.29312725
386 419.746	57.165608933333
387 419.746	60.190672668333
388 419.746	48.704292666667
389 419.746	77.346258666667
390 419.746	59.568280333333
391 419.746	73.403805483333
392 419.746	63.645920833333
393 419.746	51.120407833333
394 419.746	59.511146166667
395 419.746	49.8852895
396 419.746	47.639330233333
397 419.746	59.643061166667
398 419.746	51.212628833333
399 419.746	55.326457166667
400 419.746	45.36038794
401 419.746	46.7637378
402 419.746	64.251664833333
403 419.746	53.9346174
404 419.746	65.528557833333
405 419.746	68.538565833333
406 419.746	51.2491816
407 419.746	62.0055016
408 419.746	56.191243666667
409 419.746	81.268288
410 419.746	39.193182616667
411 419.746	48.342392833333
412 419.746	60.587348083333
413 419.746	47.169746516667
414 419.746	60.99371655
415 419.746	48.617
416 419.746	53.364852666667
417 419.746	47.289197166667
418 419.746	60.791227183333
419 419.746	45.615528666667
420 419.746	45.706065215
421 419.746	43.369020933333
422 419.746	56.2007783
423 419.746	55.016083116667
424 419.746	58.0158655
425 419.746	66.089821183333
426 419.746	61.02921945
427 419.746	43.861166
428 419.746	57.462862071667
429 419.746	60.883520833333
430 419.746	54.952210166667
431 419.746	46.531196766667
432 419.746	47.93467973
433 419.746	51.577294
434 419.746	49.628513
435 419.746	56.868762
436 419.746	38.637266578333
437 419.746	39.408987748333
438 419.746	55.2655925
439 419.746	46.995994833333
440 419.746	66.676816
441 419.746	72.99977
442 419.746	53.332188666667
443 419.746	42.238132316667
444 419.746	65.540752833333
445 419.746	76.791827833333
446 419.746	90.623697683333
447 419.746	99.3723095
448 419.746	78.276726766667
449 419.746	63.947392916667
450 419.746	55.750023333333
451 419.746	79.304646333333
452 419.746	61.365170166667
453 419.746	47.305955333333
454 419.746	55.134665
455 419.746	52.174620833333
456 419.746	37.779426333333
457 419.746	28.2875555
458 419.746	28.318197666667
459 419.746	33.231605166667
460 419.746	31.1218475
461 419.746	32.039264866667
462 419.746	52.79954
463 419.746	85.05781622
464 419.746	60.630834916667
465 419.746	61.430466333333
466 419.746	54.51193777
467 419.746	53.122535816667
468 419.746	56.067394666667
469 419.746	61.112135666667
470 419.746	74.351663833333
471 419.746	67.982693883333
472 419.746	83.056360333333
473 429.275	70.426674
474 429.275	64.818360116667
475 429.275	59.914466616667
476 429.275	55.410205016667
477 429.275	62.969020336833
478 429.275	52.6362175
479 429.275	52.611494
480 429.275	43.082571
481 429.275	48.9675421
482 429.275	44.102178066667
483 429.275	40.321232
484 429.275	55.053396166667
485 429.275	67.046794266667
486 429.275	64.893917833333
487 429.275	59.776364266667
488 429.275	60.7976908
489 429.275	35.300852266667
490 429.275	50.425092166667
491 429.275	65.522758833333
492 429.275	62.257672666667
493 429.275	53.884701080167
494 429.275	48.19749354
495 429.275	50.11251094
496 429.275	59.847742866667
497 429.275	64.78766965
498 429.275	50.67938
499 429.275	73.109192783333
500 429.275	50.834877
501 429.275	55.437043666667
502 429.275	43.4897779
503 429.275	38.497724803333
504 429.275	60.323237
505 429.275	50.972367733333
506 429.275	49.077840716667
507 429.275	52.752051466667
508 429.275	54.050804833333
509 429.275	64.642599566667
510 429.275	56.7238345
511 429.275	79.353917
512 429.275	74.094510733333
513 429.275	78.403774833333
514 429.275	53.212705675
515 429.275	59.290103933333
516 429.275	54.055172666667
517 429.275	80.373266833333
518 429.275	53.477850683333
519 429.275	52.969312833333
520 429.275	47.74785274
521 429.275	65.087021166667
522 429.275	70.088594333333
523 429.275	62.967362666667
524 429.275	95.539697
525 429.275	63.742916768333
526 429.275	60.830816666667
527 429.275	65.262615166667
528 429.275	71.794253833333
529 429.275	70.874510333333
530 429.275	64.743453166667
531 429.275	48.270715333333
532 429.275	40.9570689
533 429.275	58.626359616667
534 429.275	54.526962166667
535 429.275	57.424128333333
536 429.275	50.90448655
537 429.275	63.20664505
538 429.275	46.571939783333
539 429.275	42.377984666667
540 429.275	60.461764166667
541 429.275	62.834040333333
542 429.275	49.065699333333
543 429.275	56.321065075
544 429.275	66.517741
545 429.275	65.404337166667
546 429.275	58.515909583333
547 429.275	68.126408433333
548 429.275	68.131574833333
549 429.275	50.438376133333
550 429.275	52.758559983333
551 429.275	51.870954366667
552 429.275	51.201769866667
553 429.275	63.7008375
554 429.275	44.423309666667
555 429.275	51.2558545
556 429.275	45.71182589
557 429.275	48.483874333333
558 429.275	52.783559
559 429.275	55.961326333333
560 429.275	52.30030735
561 429.275	46.439127333333
562 429.275	38.1300975
563 429.275	51.404435
564 429.275	40.237654666667
565 429.275	59.06209395
566 429.275	48.5171605
567 429.275	51.347855166667
568 429.275	53.654853333333
569 429.275	45.237702666667
570 429.275	62.259703833333
571 429.275	51.036813725
572 429.275	50.940279833333
573 429.275	47.3227155
574 429.275	46.210368833333
575 429.275	50.130608033333
576 429.275	60.732752133333
577 429.275	57.6262495
578 429.275	56.825644333333
579 429.275	58.109254166667
580 429.275	56.03322565
581 429.275	56.915808288333
582 429.275	65.70692965
583 429.275	57.5293845
584 429.275	64.607422166667
585 429.275	40.154263103333
586 429.275	33.73788125
587 429.275	37.554026666667
588 429.275	35.290021166667
589 429.275	52.128015833333
590 429.275	49.117051183333
591 429.275	58.143261716667
592 429.275	51.777869166667
593 429.275	49.163895166667
594 429.275	52.087323166667
595 429.275	43.521334633333
596 429.275	50.020899416667
597 429.275	48.851412216667
598 429.275	46.165523033333
599 429.275	55.152764166667
600 429.275	46.782539583
601 429.275	56.8717466
602 429.275	50.039453333333
603 429.275	32.977332503333
604 429.275	64.103937166667
605 429.275	43.157359166667
606 429.275	42.421150083333
607 429.275	42.8142171
608 429.275	43.569249266667
609 429.275	49.220440966667
610 429.275	55.487461666667
611 429.275	44.206290266667
612 429.275	33.155638666667
613 429.275	55.4867223
614 429.275	45.265924266667
615 429.275	48.763280783333
616 429.275	51.21464865
617 429.275	48.8171578
618 429.275	43.111497333333
619 429.275	37.661445583333
620 429.275	50.46917
621 429.275	74.68357965
622 429.275	56.186244833333
623 429.275	53.74943
624 429.275	55.811960866667
625 429.275	48.247815833333
626 429.275	58.630784166667
627 429.275	55.04618078
628 429.275	49.548519733333
629 429.275	55.241392166667
630 429.275	48.728986166667
631 429.275	46.842582
632 429.275	49.690182833333
633 429.275	52.155247566667
634 429.275	57.075683833333
635 429.275	41.71409593
636 429.275	48.627103166667
637 429.275	42.168382233333
638 429.275	58.819636483333
639 429.275	38.7260485
640 429.275	57.4479043
641 429.275	58.882406631667
642 429.275	57.965776483333
643 429.275	50.858493666667
644 429.275	46.568940833333
645 429.275	58.703977283333
646 429.275	56.0043758
647 429.275	66.956323868333
648 429.275	59.3451142
649 429.275	44.409286833333
650 429.275	42.707757666667
651 429.275	37.59443075
652 429.275	35.770279
653 429.275	41.263729
654 429.275	33.85122799
655 429.275	46.442853833333
656 429.275	60.435347333333
657 429.275	36.23207485
658 429.275	41.597866
659 429.275	59.336866783333
660 429.275	60.804300833333
661 429.275	60.8059110405
662 429.275	43.712991333333
663 429.275	53.965000133333
664 429.275	63.035566616667
665 429.275	57.628198333333
666 429.275	50.9057775
667 429.275	51.417947515
668 429.275	67.337112666667
669 429.275	83.3901034
670 429.275	76.379652645
671 429.275	50.4858286
672 429.275	44.366964166667
673 429.275	52.292694166667
674 429.275	60.782502666667
675 429.275	63.537905333333
676 429.275	50.987219933333
677 429.275	60.628264
678 429.275	51.54766
679 429.275	70.163046833333
680 429.275	52.6986825
681 429.275	52.2283155
682 429.275	48.4200693
683 429.275	55.200412166667
684 429.275	56.232486666667
685 429.275	41.191698343333
686 429.275	44.764791166667
687 429.275	70.92286565
688 429.275	58.9236605
689 429.275	49.838942833333
690 429.275	48.624346733333
691 429.275	60.417101
692 429.275	57.979052333333
693 429.275	51.968060516667
694 429.275	50.531723833333
695 429.275	37.831308
696 429.275	44.387815333333
697 429.275	53.057173833333
698 429.275	68.044637333333
699 429.275	47.981986683333
700 429.275	42.545290666667
701 429.275	68.962574466667
702 429.275	71.656873
703 429.275	69.208189
704 429.275	50.846784166667
705 429.275	43.396002833333
706 429.275	47.434950283333
707 429.275	47.40176595
708 429.275	53.31924885
709 429.275	45.5691485
710 429.275	66.160243216667
711 429.275	67.947847833333
712 429.275	53.550765666667
713 429.275	73.77948215
714 429.275	58.808103166667
715 429.275	58.653722741667
716 429.275	56.643367383333
717 429.275	44.206155583333
718 429.275	54.4005465
719 429.275	43.508789823333
720 429.275	42.275379833333
721 429.275	31.636950833333
722 429.275	42.157982516667
723 429.275	41.010169333333
724 429.275	36.1472704
725 429.275	33.421844783333
726 429.275	30.319857116667
727 429.275	27.91753075
728 429.275	35.125138033333
729 429.275	37.782587666667
730 429.275	37.1519645
731 429.275	36.703122333333
732 429.275	39.72803145
733 429.275	37.334181433333
734 429.275	43.281516833333
735 429.275	54.3467565
736 429.275	37.97136
737 429.275	50.365915666667
738 429.275	40.741234833333
739 429.275	60.91718195
740 429.275	48.240946716667
741 429.275	48.811085166667
742 429.275	51.756406616667
743 429.275	47.334634133333
744 429.275	43.677308916667
745 429.275	39.270701616667
746 429.275	62.23160735
747 429.275	53.409332016667
748 429.275	41.633590833333
749 429.275	36.923712533333
750 429.275	58.276408833333
751 429.275	51.954919333333
752 429.275	66.904047833333
753 429.275	54.862862966667
754 429.275	68.815454783333
755 429.275	41.933022166667
756 429.275	45.690028633333
757 429.275	36.3083765
758 429.275	38.058539233333
759 429.275	33.855179566667
760 429.275	36.7589888
761 429.275	45.161046
762 429.275	40.7897665
763 429.275	44.7770365
764 429.275	52.408971516667
765 429.275	51.305489666667
766 429.275	45.158441833333
767 429.275	61.725592166667
768 429.275	63.4012522
769 429.275	62.2605175
770 429.275	93.452972
771 429.275	57.73369045
772 429.275	63.963007166667
773 429.275	67.307983066667
774 429.275	67.4995475
775 429.275	60.892648716667
776 429.275	53.668083666667
777 429.275	41.314683
778 429.275	45.55747225
779 429.275	46.403762333333
780 429.275	43.760326166667
781 429.275	42.319293666667
782 429.275	46.120428333333
783 429.275	44.660237833333
784 429.275	50.334490416667
785 429.275	51.251754866667
786 429.275	50.463384833333
787 429.275	55.246209583333
788 429.275	54.958415
789 429.275	69.040747253333
790 429.275	64.115069833333
791 429.275	63.812535666667
792 429.275	63.497061333333
793 429.275	68.887594333333
794 429.275	56.255488166667
795 429.275	56.582757166667
796 429.275	45.375113
797 429.275	55.2390555
798 429.275	45.344733833333
799 429.275	40.766079733333
800 429.275	53.223774166667
801 429.275	58.043746333333
802 429.275	56.553200216667
803 429.275	35.063671616667
804 429.275	51.731060166667
805 429.275	47.391284966667
806 429.275	72.886909833333
807 429.275	58.543521
808 429.275	47.714555883333
809 429.275	40.626959833333
810 429.275	36.448682191667
811 429.275	46.3072942
812 429.275	46.8594391
813 429.275	36.501128833333
814 429.275	39.63348035
815 429.275	48.638888333333
816 429.275	38.697961166667
817 429.275	38.732305816667
818 429.275	53.425012666667
819 429.275	50.667187333333
820 429.275	45.9574345
821 429.275	48.693752483333
822 429.275	48.281357
823 429.275	49.540904166667
824 429.275	46.586611333333
825 429.275	58.825829666667
826 429.275	51.671088233333
827 429.275	62.186994633333
828 429.275	59.945866333333
829 429.275	59.4122375
830 429.275	53.927806883333
831 429.275	47.878686666667
832 429.275	55.244847516667
833 429.275	63.789810833333
834 429.275	48.789391
835 429.275	52.761411666667
836 429.275	61.1031335
837 429.275	49.712392995
838 429.275	52.1156925
839 429.275	48.761941083333
840 429.275	50.627447083333
841 429.275	40.887840666667
842 429.275	47.536161
843 429.275	51.870721233333
844 429.275	46.17132865
845 429.275	54.903158566667
846 429.275	69.483114033333
847 429.275	64.106629666667
848 429.275	56.844815033333
849 429.275	45.980370716667
850 429.275	41.587084483333
851 429.275	46.473791333333
852 429.275	34.892132166667
853 429.275	36.370792966667
854 429.275	43.17998
855 429.275	35.3569212
856 429.275	46.648764533333
857 429.275	33.82715337
858 429.275	52.4408507
859 429.275	34.001885066667
860 429.275	29.4770409
861 429.275	45.712435143333
862 429.275	49.624276
863 429.275	41.841141333333
864 429.275	62.373434666667
865 429.275	51.309732333333
866 429.275	43.3322102
867 429.275	55.253391666667
868 429.275	51.553171666667
869 429.275	49.82635445
870 429.275	45.828267166667
871 429.275	58.289828666667
872 429.275	67.085053166667
873 429.275	66.027207
874 429.275	57.588356333333
875 429.275	57.404716833333
876 429.275	52.325850966667
877 429.275	71.280514166667
878 429.275	70.1399008
879 429.275	51.143983166667
880 429.275	68.939139666667
881 429.275	71.73081655
882 429.275	54.7918904
883 429.275	44.879447166667
884 429.275	41.744956416667
885 429.275	42.488316566667
886 429.275	45.784531833333
887 429.275	38.477517333333
888 429.275	52.4817725
889 429.275	47.966309833333
890 429.275	67.100882
891 429.275	64.043212166667
892 429.275	53.084436983333
893 429.275	62.464198
894 429.275	59.822723626667
895 429.275	61.644056666667
896 429.275	56.00784035
897 429.275	35.777310166667
898 429.275	33.343012333333
899 429.275	32.704244133333
900 429.275	40.232410216667
901 429.275	49.048839666667
902 429.275	43.2644284
903 429.275	50.343155666667
904 429.275	56.817611633333
905 429.275	66.502296166667
906 429.275	63.433080833333
907 429.275	58.4218855
908 429.275	60.154328833333
909 429.275	51.0264022
910 429.275	52.0443315
911 429.275	40.945874316667
912 429.275	49.6927455
913 429.275	57.170503833333
914 429.275	51.294604166667
915 429.275	40.270388
916 429.275	48.663526183333
917 429.275	51.993568166667
918 429.275	39.965662583333
919 429.275	46.976102883333
920 429.275	32.073351
921 429.275	46.330155
922 429.275	39.543188833333
923 429.275	48.721670666667
924 429.275	45.0166085
925 429.275	44.885890633333
926 429.275	49.31129765
927 429.275	38.515013666667
928 429.275	59.675002616667
929 429.275	58.274672166667
930 429.275	41.71472155
931 429.275	71.746444316667
932 429.275	50.314972583333
933 429.275	43.226678166667
934 429.275	43.258121633333
935 429.275	69.005819
936 429.275	50.982629
937 429.275	64.043120666667
938 429.275	58.098345666667
939 429.275	49.677428833333
940 429.275	61.7939242
941 429.275	44.369017466667
942 429.275	55.7905625
943 429.275	46.625021166667
944 429.275	53.131875618333
945 429.275	68.039781
946 429.275	76.214858166667
947 429.275	52.880523666667
948 429.275	87.6842475
949 429.275	63.556551016667
950 429.275	56.408469
951 429.275	61.074130333333
952 429.275	64.721866666667
953 429.275	69.006684766667
954 429.275	92.3430198
955 429.275	60.254552333333
956 429.275	56.114961666667
957 429.275	53.934468333333
958 429.275	77.060751116667
959 429.275	64.886827333333
960 429.275	73.509040166667
961 429.275	89.256205666667
962 429.275	117.5240635
963 429.275	87.110257916667
964 429.275	72.2696755
965 429.275	51.0170945
966 429.275	55.0672695
967 429.275	56.055348
968 429.275	49.1330395
969 429.275	70.1362835
970 429.275	90.671827266667
971 429.275	95.086871333333
972 429.275	56.692163516667
973 429.275	59.561745333333
974 429.275	53.281269316667
975 429.275	49.884418266667
976 429.275	63.8676816
977 429.275	61.04421645
978 429.275	49.158054373333
979 429.275	56.275521783333
980 429.275	54.77413
981 429.275	50.310576333333
982 429.275	49.356056583333
983 429.275	54.974198833333
984 429.275	42.651637
985 429.275	53.788425333333
986 429.275	51.8206235
987 429.275	67.91085685
988 429.275	44.155718
989 429.275	50.3999955
990 429.275	57.145343166667
991 429.275	53.928295833333
992 429.275	46.4136805
993 429.275	47.106288833333
994 429.275	40.990558616667
995 429.275	48.752782333333
996 429.275	60.884261333333
997 429.275	39.20880075
998 429.275	47.563209916667
999 429.275	43.920159416667
1000 429.275	62.089297983333
1001 429.275	57.921003816667
1002 429.275	62.447697666667
1003 429.275	55.429537
1004 429.275	53.616370333333
1005 429.275	45.568308183333
1006 429.275	60.626417383333
1007 429.275	74.965235763333
1008 429.275	59.797466733333
1009 429.275	47.423338166667
1010 429.275	49.694569566667
1011 429.275	82.324958333333
1012 429.275	61.033670166667
1013 429.275	62.936804733333
1014 429.275	54.644398833333
1015 429.275	49.849073666667
1016 429.275	46.749110366667
1017 429.275	50.131502766667
1018 429.275	43.0903166
1019 429.275	68.017908066667
1020 429.275	62.745124816667
1021 429.275	52.3151165
1022 429.275	65.128001366667
1023 429.275	68.584429783333
1024 429.275	55.073661
1025 429.275	68.4916225
1026 429.275	66.3040265
1027 429.275	56.481300466667
1028 429.275	56.146029416667
1029 429.275	63.661927225
1030 429.275	59.789368166667
1031 429.275	57.965618
1032 429.275	55.063091766667
1033 429.275	53.373120756667
1034 429.275	57.757097208333
1035 429.275	47.533631116667
1036 429.275	35.964716166667
1037 429.275	40.685675666667
1038 429.275	37.036675883333
1039 429.275	51.748682583333
1040 429.275	48.035943333333
1041 429.275	46.6692495
1042 429.275	38.363466616667
1043 429.275	65.283968666667
1044 429.275	62.8140504
1045 429.275	60.017223616667
1046 429.275	52.701294666667
1047 429.275	41.642991016667
1048 429.275	57.854927666667
1049 429.275	45.57988625
1050 429.275	58.238567833333
1051 429.275	53.440256
1052 429.275	43.2288795
1053 429.275	51.729213166667
1054 429.275	64.648610813333
1055 429.275	66.9653695
1056 429.275	72.654068666667
1057 429.275	80.483856466667
1058 429.275	54.730477916667
1059 429.275	62.283734666667
1060 429.275	46.996391183333
1061 429.275	38.939094833333
1062 429.275	61.5211241
1063 429.275	57.5939025
1064 429.275	43.764503166667
1065 429.275	43.994648683333
1066 429.275	36.766906166667
1067 429.275	38.685380333333
1068 429.275	39.989355
1069 429.275	34.023948833333
1070 429.275	44.642675333333
1071 429.275	38.701296566667
1072 429.275	43.290024583333
1073 429.275	39.083862666667
1074 429.275	38.925319366667
1075 429.275	33.610740833333
1076 429.275	48.433198166667
1077 429.275	46.720233166667
1078 429.275	48.10645085
1079 429.275	47.816990098333
1080 429.275	47.950536666667
1081 429.275	51.3609135
1082 429.275	40.480904333333
1083 429.275	42.893451666667
1084 429.275	38.323036216667
1085 429.275	41.0874775
1086 429.275	41.753377333333
1087 429.275	37.30816645
1088 429.275	35.275177633333
1089 429.275	39.566140783333
1090 429.275	40.468572716667
1091 429.275	52.76085505
1092 429.275	50.944685666667
1093 429.275	41.919832343333
1094 429.275	27.482508833333
1095 429.275	30.1511691165
1096 429.275	27.127360403333
1097 429.275	27.212366833333
1098 429.275	42.7378004
1099 429.275	44.208935666667
1100 429.275	43.204155333333
1101 429.275	30.515013016667
1102 429.275	49.098164878333
1103 429.275	33.1397102
1104 429.275	44.258441833333
1105 429.275	41.101512
1106 429.275	67.5273825
1107 429.275	50.009869666667
1108 429.275	32.304381216667
1109 429.275	50.991372816667
1110 429.275	37.862317616667
1111 429.275	42.097049516667
1112 429.275	39.8531859
1113 429.275	61.202074833333
1114 429.275	38.433526666667
1115 429.275	45.847685183333
1116 429.275	47.136064433333
1117 429.275	44.003270333333
1118 429.275	52.700595101667
1119 429.275	37.591403833333
1120 429.275	38.071043566667
1121 429.275	38.764148283333
1122 429.275	43.099488383333
1123 429.275	58.368966416667
1124 429.275	50.94868685
1125 429.275	51.103908666667
1126 429.275	69.356081931667
1127 429.275	56.078574866667
1128 429.275	58.448583666667
1129 429.275	42.194888083333
1130 429.275	41.038719333333
1131 429.275	40.454829333333
1132 429.275	43.155891833333
1133 429.275	45.70450145
1134 429.275	44.847184966667
1135 429.275	47.283398333333
1136 429.275	56.28454465
1137 429.275	57.772799833333
1138 429.275	45.27635335
1139 429.275	56.4784295
1140 429.275	37.765989761667
1141 429.275	40.8343725
1142 429.275	36.4168379
1143 429.275	42.039496383333
1144 429.275	32.967101166667
1145 429.275	31.994099833333
1146 429.275	48.431859618333
1147 429.275	56.306417833333
1148 429.275	63.570774666667
1149 429.275	68.158835333333
1150 429.275	52.148955333333
1151 429.275	48.493362666667
1152 429.275	56.017581166667
1153 429.275	65.969293333333
1154 429.275	64.631233883333
1155 429.275	60.363225333333
1156 429.275	56.846059166667
1157 429.275	43.570223666667
1158 429.275	58.76779455
1159 429.275	55.5076865
1160 429.275	48.3385515
1161 429.275	44.103407766667
1162 429.275	56.161016666667
1163 429.275	35.932673166667
1164 429.275	51.038483833333
1165 429.275	41.294673666667
1166 429.275	56.300663333333
1167 429.275	54.538713
1168 429.275	59.290389333333
1169 429.275	30.941995066667
1170 429.275	39.995428
1171 429.275	30.522597833333
1172 429.275	43.996256
1173 429.275	38.952776166667
1174 429.275	44.328621855
1175 429.275	51.527521
1176 429.275	43.28219285
1177 429.275	38.29742785
1178 429.275	37.66155235
1179 429.275	58.11733765
1180 429.275	51.7701797
1181 429.275	54.3318015
1182 429.275	55.013205816667
1183 429.275	58.83101165
1184 429.275	43.412267084667
1185 429.275	55.288501833333
1186 429.275	54.653581666667
1187 429.275	56.4699876
1188 429.275	54.510224666667
1189 429.275	52.509360333333
1190 429.275	71.82096
1191 429.275	69.9919725
1192 429.275	46.6093693
1193 429.275	42.796163328333
1194 429.275	59.254349166667
1195 429.275	49.895031683333
1196 429.275	45.163956483333
1197 429.275	48.801847933333
1198 429.275	38.273308
1199 429.275	44.57090575
1200 429.275	61.8928485
1201 429.275	62.6895605
1202 429.275	59.935695516667
1203 429.275	59.028178333333
1204 429.275	68.33494815
1205 429.275	71.541588333333
1206 429.275	49.660285865
1207 429.275	58.867081166667
1208 429.275	54.673014466667
1209 429.275	57.851151533333
1210 429.275	47.525090666667
1211 429.275	48.07034665
1212 429.275	40.922842333333
1213 429.275	35.988121833333
1214 429.275	51.501506516667
1215 429.275	32.756237833333
1216 429.275	41.889309
1217 429.275	47.797771666667
1218 429.275	39.3854985
1219 429.275	52.974659566667
1220 429.275	51.566757766667
1221 429.275	45.066198
1222 429.275	41.865662
1223 429.275	42.98386295
1224 429.275	55.562534
1225 429.275	69.867417666667
1226 429.275	51.339746166667
1227 429.275	44.76733385
1228 429.275	61.26083295
1229 429.275	60.1710975
1230 429.275	51.534524833333
1231 429.275	62.740419333333
1232 429.275	46.917401166667
1233 429.275	54.106775833333
1234 429.275	56.001698833333
1235 429.275	39.624908333333
1236 429.275	41.45530675
1237 429.275	47.583296
1238 429.275	47.778962666667
1239 429.275	47.998764
1240 429.275	40.08968245
1241 429.275	34.460573833333
1242 429.275	45.064207766667
1243 429.275	46.6394709
1244 429.275	49.263905
1245 429.275	43.416718833333
1246 429.275	39.992608166667
1247 429.275	50.9205478
1248 429.275	42.760911166667
1249 429.275	66.717313666667
1250 429.275	47.83352815
1251 429.275	52.338631866667
1252 429.275	49.3663583
1253 429.275	52.050235166667
1254 429.275	53.424048166667
1255 429.275	48.902973
1256 429.275	37.443368116667
1257 429.275	40.697101883333
1258 429.275	43.511377833333
1259 429.275	37.97435235
1260 429.275	42.651787733333
1261 429.275	47.037683333333
1262 429.275	51.946446333333
1263 429.275	55.527349333333
1264 429.275	61.797773833333
1265 429.275	50.838094066667
1266 429.275	51.736348316667
1267 429.275	42.843746166667
1268 429.275	43.667140983333
1269 429.275	47.102457466667
1270 429.275	76.163973333333
1271 429.275	51.287893283333
1272 429.275	47.96328535
1273 429.275	47.612907883333
1274 429.275	76.865692833333
1275 429.275	55.011114816667
1276 429.275	58.7212775
1277 429.275	57.291453333333
1278 429.275	46.523684833333
1279 429.275	41.860536666667
1280 429.275	50.670970833333
1281 429.275	70.881811
1282 429.275	59.458764666667
1283 429.275	61.351584833333
1284 429.275	50.2880422
1285 429.275	72.239048166667
1286 429.275	63.9144935
1287 429.275	53.152532
1288 429.275	57.025716
1289 429.275	49.124098666667
1290 429.275	49.389854116667
1291 429.275	69.976745966667
1292 429.275	49.4421876
1293 429.275	56.173115
1294 429.275	57.5043327
1295 429.275	49.970954883333
1296 429.275	49.93242865
1297 429.275	78.478695666667
1298 429.275	65.261637166667
1299 429.275	62.026783816667
1300 429.275	67.004015166667
1301 429.275	60.873437833333
1302 429.275	54.5258545
1303 429.275	57.984565166667
1304 429.275	55.037157666667
1305 429.275	35.791588666667
1306 429.275	39.8255665
1307 429.275	46.527437733333
1308 429.275	36.866387833333
1309 429.275	36.855611083333
1310 429.275	50.863759333333
1311 429.275	38.510355316667
1312 429.275	43.0869305
1313 429.275	44.93841165
1314 429.275	40.636275733333
1315 429.275	48.24732235
1316 429.275	45.799177016667
1317 429.275	43.706748666667
1318 429.275	38.73315285
1319 429.275	60.15705035
1320 429.275	44.147609083333
1321 429.275	62.755437
1322 429.275	60.593719
1323 429.275	42.27665965
1324 429.275	49.586915583333
1325 429.275	40.337595833333
1326 429.275	43.674996866667
1327 429.275	56.526923
1328 429.275	62.366950166667
1329 429.275	72.6149188
1330 429.275	58.96355285
1331 429.275	60.631359833333
1332 429.275	50.843955616667
1333 429.275	56.800325666667
1334 429.275	44.610866833333
1335 429.275	50.625430683333
1336 429.275	46.786101733333
1337 429.275	49.992977333333
1338 429.275	65.067729166667
1339 429.275	78.063476166667
1340 429.275	50.084237833333
1341 429.275	41.1498875
1342 429.275	48.48025025
1343 429.275	48.788887283333
1344 429.275	52.035302166667
1345 429.275	53.010755588333
1346 429.275	48.035478416667
1347 429.275	70.263387283333
1348 429.275	65.446015
1349 429.275	49.046110083333
1350 429.275	54.908569383333
1351 429.275	59.123217466667
1352 429.275	52.796168566667
1353 429.275	43.1378995
1354 429.275	37.358687166667
1355 429.275	42.659272783333
1356 429.275	45.809599066667
1357 429.275	61.392326403333
1358 429.275	48.053718666667
1359 429.275	34.500693333333
1360 429.275	35.0844445
1361 429.275	42.905023183333
1362 429.275	41.2956539
1363 429.275	42.663714733333
1364 429.275	42.043395166667
1365 429.275	51.541629833333
1366 429.275	44.47466665
1367 429.275	55.6512955
1368 429.275	60.948003008333
1369 429.275	66.94272015
1370 429.275	48.362411
1371 429.275	64.492794166667
1372 429.275	45.8445394
1373 429.275	63.316727833333
1374 429.275	51.802163333333
1375 429.275	74.529179333333
1376 429.275	65.107408333333
1377 429.275	67.533261333333
1378 429.275	58.65969145
1379 429.275	42.32870305
1380 429.275	54.93301765
1381 429.275	55.294419883333
1382 429.275	59.590663666667
1383 429.275	68.784894666667
1384 429.275	43.868774133333
1385 429.275	47.338187583333
1386 429.275	73.329723
1387 429.275	58.577291233333
1388 429.275	63.544366
1389 429.275	46.83806555
1390 429.275	51.489073866667
1391 429.275	50.6082188
1392 429.275	42.3478983
1393 429.275	38.182261833333
1394 429.275	39.005361666667
1395 429.275	48.068319833333
1396 429.275	56.9412135
1397 429.275	54.607742
1398 429.275	66.686133916667
1399 429.275	74.845268333333
1400 429.275	56.064517166667
