13.215850583333
19.90072068
21.281993616667
22.494649966667
27.1888966
21.0022386
21.88293656
31.418003983333
26.662991666667
25.9316655
32.7833981
44.463517016667
34.195768983333
31.401826683333
38.872556033333
44.774826616667
55.61881045
67.9515625
73.890668466667
74.879559166667
52.169830833333
57.170031433333
59.29991315
73.543745
63.68937
74.227897666667
69.69727947
61.825295333333
60.948224216667
74.973904083333
79.071688083333
79.106525783333
67.4023275
62.724285833333
68.4205085
81.239737666667
84.6043665
66.547102666667
90.143201333333
102.973767
84.841802466667
73.880329333333
75.561897833333
102.49909533333
84.740324833333
96.0778835
94.401478666667
106.27876883333
133.22081016667
101.07960033333
100.80533183333
72.901074333333
84.5072905
99.667117166667
83.611758833333
55.644907166667
69.564873333333
61.138404166667
66.864212233333
71.381712746667
69.491159166667
74.616944183333
109.13365516667
107.10446616667
100.35202883333
110.22454211667
115.17612616667
97.798435833333
75.864169633333
59.7997265
45.210889166667
72.6892445
74.143307666667
97.5270805
94.699941666667
77.710948633333
74.654435833333
60.792296333333
78.456937166667
58.867965666667
72.261441333333
53.645475
68.486611833333
68.654984544167
52.757542833333
71.0132065
67.2466085
66.269350333333
59.0366839096
57.4302865
54.543821455
60.083719433333
68.021456333333
91.015308616667
85.315813866667
72.914102666667
79.775543833333
84.4309895
99.783508616667
87.286330666667
54.979264166667
51.000169833333
80.528377666667
59.016320666667
67.210618
46.567728166667
44.492702666667
46.506696033333
47.562773666667
64.928617
72.523630433333
82.963498733333
115.91909733333
103.591835
73.402451
55.70207545
70.897118833333
78.595395
70.016606
81.028967333333
104.22943158333
112.8240458
101.15208416667
99.7168565
124.678385
119.71983466667
97.267033333333
113.60703233333
106.75809433333
92.31650145
78.220623
68.5075395
63.411597666667
60.799834666667
61.049748666667
55.976554703333
59.830202166667
48.105423833333
62.261524
55.0622418
50.386305666667
62.106951833333
53.309523716667
56.869394
68.3062825
78.726920366667
85.241464333333
67.154977516667
66.073028
73.576284683333
89.822588
91.834210333333
82.9655555
84.558520833333
61.346412166667
76.126340333333
87.330351
65.915884833333
63.573403166667
63.656850866667
53.205762833333
63.057675333333
81.358553333333
72.7870735
94.199395
98.331327833333
122.199032
70.507132833333
90.608227233333
88.136136316667
109.8789471
96.1100742
77.849628833333
97.548287166667
92.574722833333
92.473824333333
97.314441833333
101.36889933333
76.248157666667
98.083035833333
96.300787666667
80.001630333333
59.817703
53.088719666667
52.449813333333
70.967107283333
51.399993583333
92.80176675
112.70730783333
111.346769
68.614887366667
69.296248
66.482202833333
59.798685
56.0294145
67.969146466667
69.0155475
103.29175033333
95.600825416667
58.837478916667
74.8996485
86.851249
90.153791333333
91.547004666667
87.035890333333
73.320332833333
90.16788255
85.36381285
68.63673095
99.920680633333
105.0127455
101.2061885
108.20907016667
72.822195333333
74.9108635
75.389869833333
52.626747416667
63.863585166667
68.388768083333
71.896387166667
71.02228435
93.5090812
95.075320666667
80.683776333333
68.610634166667
76.903034333333
67.44935465
53.437134316667
68.804240666667
87.89231605
86.493863333333
97.918038616667
113.52961966667
92.553350166667
96.060884416667
108.88785616667
105.296548
141.41661333333
105.61605933333
95.020825666667
95.208890666667
80.575096833333
117.46505966333
76.201479
56.514947433333
77.811243
71.3776655
80.6494815
76.088798333333
94.067720166667
78.817647916667
98.344636616667
106.9526845
112.07905366667
107.90298766667
77.343605333333
84.302301783333
75.002217833333
60.871537666667
90.040761833333
80.93523
96.400313833333
70.071701383333
80.266362266667
63.359435325
77.8929527
82.346621166667
69.266570916667
89.35238375
83.093421166667
103.29877616667
59.827672666667
58.759110333333
56.792168266667
49.1205025
37.354697666667
56.496613766667
59.205474
76.274080166667
65.590949083333
76.753661166667
52.9529141
92.009686166667
82.35233
100.68671466667
80.347002466667
94.002592666667
98.8582985
118.60080416667
94.561526166667
79.8172015
74.465958916667
77.693870666667
94.248622233333
88.903118416667
75.2237895
73.451688166667
68.0285905
77.9693185
67.585371833333
77.360448166667
56.472375666667
82.049087
81.324495666667
101.16672
90.747713666667
65.1518275
90.769839433333
95.687755
80.719587166667
97.725212
99.357544166667
96.640938566667
118.367711
91.359276
85.017292
90.964329833333
99.025555333333
73.982767333333
83.275998
79.544646
81.7883595
98.446657666667
105.16709583333
86.934060833333
129.313512
89.696520833333
85.162206166667
86.059422788333
71.574143783333
85.817003283333
82.841586666667
72.488288166667
92.583452166667
82.187050666667
81.930299333333
79.271048333333
86.955351
99.137199833333
106.81518673333
105.14236748333
101.84374833333
116.35038466667
75.525961333333
54.403191883333
54.322812316667
42.081822666667
47.8867145
43.1844638
84.525633666667
86.011041833333
89.899594216667
59.3838955
64.889403583333
72.56105315
70.874513416667
75.0184068
97.195138333333
78.638214116667
86.7442035
119.94353415
109.29616266667
80.173099166667
102.9136045
99.795725833333
85.114694266667
104.4508405
78.576014333333
100.24033983333
65.574717
58.442475333333
66.564479166667
82.581492566667
69.6023408
74.9244408
65.052231633333
71.591265666667
64.977294666667
54.076398333333
69.764109008333
79.677925333333
93.785401166667
111.659644
114.98514166667
110.08054083333
105.25928183333
107.51614533333
102.17158166667
113.76348333333
102.79387166667
107.68559805
103.09296983333
104.25669793333
88.3539815
100.09259266667
108.80241416667
98.036752866667
108.46712466667
119.4554645
101.39947783333
97.195334833333
96.379770666667
106.84066533333
87.8704575
68.1338245
61.813734
86.36157155
102.73328983333
102.81979316667
107.26778366667
102.80265833333
92.299604333333
83.492382666667
70.381719666667
63.917760166667
86.3678618
73.927611516667
62.522724833333
70.766930333333
65.47681935
74.471127
67.320767666667
81.196346
90.152522333333
44.460617683333
55.893252866667
72.4141565
68.42861
67.1236144
74.054164333333
56.4505145
66.111288
72.989274
56.8207685
67.368402666667
69.083871666667
84.166287833333
58.18046035
63.1725295
46.7790465
54.944920833333
53.999965883333
73.030573833333
48.977286583333
41.158588
51.870515883333
51.315912233333
66.301989333333
82.331262733333
78.163166483333
66.069184833333
70.440918666667
82.5755575
120.08612066667
93.231413843333
70.327473333333
60.3701415
89.818643833333
129.92907766667
128.7108251
80.4796165
109.66263666667
111.3527325
112.87512466667
99.957816916667
86.887657233333
89.651484833333
79.807956016667
69.205946666667
95.63823795
109.76016366667
96.733135166667
91.5200755
95.3635145
65.685650933333
63.665259166667
57.6007425
62.4403475
75.42830345
75.504377
58.210480066667
52.443640166667
53.788429833333
83.217136666667
74.243829
61.379272533333
71.328604166667
83.780779666667
91.841224333333
103.1270011
97.213838166667
115.72150166667
112.545364
114.05997466667
120.51093616667
146.36136216667
137.16782133333
108.14566633333
95.989426088167
70.302851833333
78.481169501667
79.7218885
83.839702266667
97.2571175
86.915158833333
92.137056666667
133.814703
127.7833
116.78938033333
93.906439166667
137.33492783333
146.6718975
151.89751666667
124.1684975
104.20970483333
81.648932666667
58.773365483333
69.972452666667
76.546567366667
60.8267679
54.116338666667
55.028911
72.582057166667
56.734571
59.208126833333
76.316062666667
115.82118066667
106.18508716667
74.733684666667
107.75666383333
82.980750166667
66.563480433333
78.849170833333
93.325275833333
93.7023725
77.066205666667
82.899818666667
85.392803833333
87.970178333333
106.448589
107.5377195
126.68815816667
101.207095
58.719657233333
52.424897883333
83.351045833333
137.12659883333
125.11972283333
147.38369366667
142.44276053333
134.46200336667
140.23595833333
117.33492666667
120.2404745
138.1725785
119.15584216667
106.58770283333
113.1614765
127.16455695
139.66483816667
144.91299233333
119.93356604867
131.1270795
131.156289
140.3027095
108.22318483333
93.795259333333
100.70156983333
116.36203316667
104.24220533333
105.65087495
124.54870733333
108.606361
103.59156533333
99.085380333333
78.603423166667
68.241002166667
87.541625
73.049683978333
101.796367
83.710694633333
103.52136316667
127.33130283333
111.63680866667
114.64217833333
105.12793586667
70.093055016667
80.188048333333
87.230244166667
62.930189183333
79.010212333333
103.09314266667
85.270903066667
103.50093383333
78.232595
107.79805983333
110.3376025
109.6565675
116.71575383333
131.53584666667
115.9746375
103.84989316667
111.7912892
129.67466183333
108.3501125
123.33278733333
114.6776865
111.36131733333
138.11498983333
97.678102833333
117.1182105
77.491190686667
77.858700166667
75.053285416667
84.717033833333
108.6825325
79.691425098333
54.457580333333
68.4282959
62.04091645
74.707926666667
68.767474666667
67.2270759
84.539478116667
92.883176483333
101.2118164
71.216851316667
68.739201083333
63.65070275
64.330269166667
81.3918045
89.815562
70.618391
65.895064333333
68.844924233333
60.840286166667
60.109392716667
56.548040616667
91.228205243333
78.56421865
83.441197666667
111.48863583333
81.8435295
91.861355833333
95.320252833333
98.109594166667
96.602393666667
92.956729166667
100.11091916667
116.2895315
123.7372235
91.793419666667
71.08815496
81.593243166667
71.0295135
106.72717233333
95.516601833333
89.083285666667
84.083242983333
107.89272483333
119.83883083333
101.300989
85.97897845
104.3346975
86.696688166667
104.13465016667
118.383776
100.56496866667
100.6141415
104.90291948333
112.31418983333
127.2404705
104.922872
108.88879341667
87.68284265
54.149734283333
54.6399615
82.039766566667
87.411631666667
91.702959966667
109.3487003
114.037857
123.52715755
108.06068883333
67.007780633333
71.9161965
72.478953766667
102.09377116667
72.074918333333
93.147488833333
116.82361566667
132.89006115
84.897273116667
75.655598166667
110.28214816667
82.789452333333
81.4679715
73.275203833333
108.41060833333
103.276015
91.14405925
86.775153833333
88.825616166667
97.190231783333
136.68743916667
82.185875633333
74.492151983333
94.269678833333
102.78496033333
91.042809183333
90.200815333333
89.756399366667
68.498200333333
64.994395583333
106.60579546667
75.172003833333
86.210208116667
103.33790266667
101.94086833333
147.79330816667
137.32866933333
94.450872166667
105.941117
87.031787
70.464495166667
85.843890666667
100.526883
131.89393511667
134.50124566667
112.95228433333
110.73909183333
95.804520333333
102.12844191667
111.61418583333
102.27505491667
90.564037771667
82.491950906667
60.614287
84.912543833333
80.508155
78.403016916667
81.141444125
102.05829333333
102.613033
97.662811783333
99.347806333333
79.356646
108.35267466667
104.29246066667
115.59010483333
117.93150266667
126.45509133333
107.37674066667
109.57187416667
104.56514
106.59285183333
97.377777733333
71.691193066667
57.689358633333
58.237914566667
56.434265733333
64.770753183333
64.329133316667
78.732716
104.24845086667
112.246031
80.120860666667
72.592485
88.468391166667
84.808590466667
54.000196366667
53.969506683333
49.32806985
69.2036167
88.367778
74.735964166667
78.664608666667
66.183586833333
96.98953
104.42850566667
115.15375616667
57.019110866667
79.748735033333
76.712371433333
74.716395
63.67525505
73.003132133333
77.229552883333
99.050012333333
136.56625866667
121.349477
122.74397333333
89.550524333333
84.004216916667
79.687116333333
88.833985333333
85.010987
88.681980333333
69.909708166667
65.111856166667
66.6739585
86.6241703
70.5683325
56.091784133333
73.548257416667
83.597904166667
95.337025
84.902640333333
99.925944166667
72.220782833333
80.557680666667
84.853815333333
73.837915333333
61.301379833333
91.285435
86.129665666667
99.842929
91.814179333333
91.484561166667
100.08406883333
99.0889835
125.42092745
92.436224333333
103.19935123333
101.49398633333
75.055933516667
98.15597485
102.6872735
94.870686666667
79.724696
85.419424333333
78.449414666667
110.21854625
94.878138466667
96.878942333333
132.32686983333
85.188073033333
90.934698
97.704098166667
67.568243237333
81.804297016667
87.414700666667
89.506503833333
81.488131833333
70.5769175
98.879831716667
69.245013166667
99.0780605
124.253805
74.992326333333
65.92118255
67.154376666667
83.386495666667
87.335592833333
85.731460216667
107.87776783333
120.91294533333
100.47588316667
101.36693933333
129.185833
110.2094715
69.084068666667
72.424088166667
83.485601554667
62.0556615
64.063428566667
55.3667795
64.414196166667
69.1521385
57.648828183333
81.999085533333
93.204928166667
74.302455266667
71.96353
83.4995901
119.620693
105.14909666667
92.5642285
106.17896616667
79.254694166667
95.676405666667
76.58834645
90.32008115
55.162304
80.467561166667
75.5713585
66.387466133333
59.5136232
59.462899266667
82.442591666667
90.91482055
86.9035055
94.890144283333
104.07309921667
90.750507
72.631186
76.174601166667
109.40174083333
66.173842833333
65.70807775
74.620448166667
82.258778
101.34360866667
115.47151183333
115.15512766667
128.28011366667
123.83188666667
119.92956416667
94.085228666667
88.264622
83.9774275
102.5373305
118.80274783333
128.85573766667
138.76848666667
123.85846623333
67.026437233333
74.8390645
54.471188333333
67.827723516667
74.729904783333
76.3720252
94.625117333333
88.651445566667
71.47655915
93.841437833333
147.01808066667
119.4923795
100.2008475
80.574861166667
84.793339666667
77.001380716667
76.617215833333
88.34095885
77.187420126167
108.25139616667
86.907505166667
105.73293
95.786101233333
98.9144975
90.331552566667
71.665106183333
92.2181956
113.38283733333
81.529620583333
70.802685166667
80.869091816667
75.594911883333
87.129984
82.631385766667
55.3586797
58.259673066667
66.437848783333
74.592522171667
73.088713316667
92.979258433333
110.79701583333
83.139275666667
66.829302166667
75.977610433333
68.311265616667
75.7739055
66.657150516667
91.648580583333
101.5730785
97.7509755
70.118861666667
67.440411833333
65.450162466667
76.424825983333
55.6833138
66.786944833333
66.267407833333
72.649858483333
73.848105878333
90.519287333333
80.7268695
82.200260666667
81.310318166667
85.012821833333
96.341199833333
98.6978941
116.88496433333
117.24332166667
96.677106666667
81.886113433333
87.9715925
96.480207333333
73.291914666667
66.440330416667
78.594373833333
86.8148742
89.367803833333
102.0029191
100.15498445
99.4990692
75.943443166667
79.10528695
55.317734933333
66.575900666667
