88.4193
114.866
114.866
114.866
114.866
114.866
131.039
131.039
131.039
131.039
131.039
151.835
180.322
180.322
180.322
180.322
217.711
251.527
251.527
251.527
251.527
251.527
251.527
251.527
251.527
268.997
268.997
268.997
268.997
268.997
308.751
308.751
308.751
308.751
308.751
308.751
308.751
308.751
308.751
308.751
308.751
308.751
308.751
308.751
308.751
308.751
308.751
308.751
308.751
308.751
308.751
308.751
308.751
308.751
308.751
308.751
308.751
308.751
308.751
308.751
308.751
308.751
308.751
308.751
308.751
308.751
308.751
308.751
308.751
308.751
308.751
308.751
308.751
308.751
308.751
308.751
308.751
308.751
308.751
308.751
308.751
308.751
308.751
308.751
308.751
308.751
308.751
308.751
308.751
308.751
308.751
308.751
308.751
308.751
308.751
308.751
308.751
308.751
308.751
308.751
308.751
308.751
308.751
308.751
308.751
308.751
308.751
308.751
308.751
308.751
308.751
308.751
324.036
324.036
324.036
324.036
324.036
324.036
324.036
324.036
324.036
324.036
324.036
324.036
324.036
324.036
324.036
324.036
324.036
331.64
331.64
331.64
331.64
331.64
331.64
331.64
331.64
331.64
331.64
331.64
331.64
331.64
331.64
331.64
331.64
331.64
331.64
331.64
331.64
342.811
342.811
342.811
342.811
342.811
342.811
343.585
343.585
343.585
343.585
343.585
343.585
343.585
343.585
343.585
343.585
343.585
343.585
343.585
343.585
343.585
343.585
343.585
343.585
343.585
343.585
343.585
343.585
343.585
343.585
343.585
343.585
343.585
343.585
343.585
343.585
343.585
343.585
343.585
343.585
343.585
343.585
343.585
343.585
343.585
343.585
343.585
343.585
346.184
346.184
346.184
346.184
346.184
346.184
346.184
346.184
346.184
346.184
346.184
346.184
346.184
346.184
346.184
346.184
346.184
346.184
346.184
346.184
346.184
346.184
346.184
346.184
346.184
346.184
346.184
346.184
346.184
346.184
346.184
346.184
346.184
346.184
346.184
346.184
346.184
346.184
346.184
346.184
346.184
346.184
346.184
346.184
346.184
346.184
346.184
346.184
346.184
346.184
346.184
346.184
346.184
346.184
346.184
346.184
346.184
346.184
346.184
346.184
346.184
346.184
346.184
346.184
346.184
346.184
346.184
346.184
346.184
346.184
346.184
346.184
346.184
346.184
346.184
346.184
346.184
346.184
346.184
346.184
346.184
346.184
346.184
346.184
346.184
346.184
346.184
346.184
346.184
346.184
353.233
363.203
363.203
363.203
363.203
363.203
363.203
363.203
363.203
363.203
363.203
363.203
363.203
363.203
363.203
363.203
363.203
363.203
363.203
363.203
363.203
363.203
363.203
363.203
363.203
363.203
363.203
363.203
363.203
363.203
363.203
363.203
363.203
363.203
363.203
363.203
363.203
363.203
363.203
363.203
363.203
363.203
363.203
363.203
363.203
363.203
382.151
382.151
382.151
382.151
382.151
382.151
382.151
382.151
382.151
382.151
382.151
382.151
382.151
382.151
382.151
382.151
382.151
382.151
382.151
382.151
382.151
382.151
382.151
382.151
382.151
382.151
382.151
382.151
382.151
382.151
382.151
382.151
382.151
382.151
382.151
382.151
382.151
382.151
382.151
382.151
382.151
382.151
382.151
382.151
382.151
382.151
382.151
382.151
382.151
382.151
382.151
382.151
382.151
382.151
382.151
382.151
382.151
382.151
382.151
395.316
395.316
395.316
395.316
395.316
395.316
395.316
395.316
395.316
395.316
395.316
395.316
395.316
395.316
395.316
395.316
395.316
395.316
395.316
395.316
395.316
395.316
395.316
395.316
395.316
395.316
395.316
395.316
395.316
395.316
395.316
395.316
395.316
395.316
395.316
395.316
395.316
395.316
395.316
395.316
395.316
395.316
395.316
395.316
395.316
395.316
395.316
395.316
395.316
395.316
395.316
395.316
395.316
395.316
395.316
395.316
395.316
395.316
395.316
395.316
395.316
395.316
395.316
395.316
395.316
395.316
395.316
395.316
395.316
395.316
395.316
395.316
395.316
395.316
395.316
395.316
395.316
396.67
396.67
396.67
396.67
396.67
396.67
396.67
396.67
396.67
396.67
396.67
396.67
396.67
396.67
396.67
396.67
396.67
396.67
396.67
396.67
396.67
396.67
396.67
396.67
396.67
396.67
396.67
396.67
396.67
396.67
396.67
396.67
396.67
396.67
396.67
396.67
396.67
396.67
396.67
396.67
396.67
396.67
396.67
396.67
396.67
396.67
396.67
396.67
396.67
396.67
396.67
396.67
396.67
396.67
396.67
396.67
396.67
396.67
396.67
396.67
396.67
396.67
396.67
396.67
396.67
396.67
396.67
396.67
396.67
396.67
396.67
396.67
396.67
396.67
396.67
396.67
396.67
396.67
396.67
396.67
396.67
396.67
396.67
396.67
396.67
396.67
396.67
396.67
396.67
396.67
396.67
396.67
396.67
396.67
396.67
396.67
396.67
396.67
396.67
396.67
396.67
396.67
396.67
396.67
396.67
396.67
396.67
396.67
396.67
396.67
396.67
396.67
396.67
396.67
396.67
396.67
396.67
396.67
396.67
396.67
396.67
396.67
396.67
396.67
396.67
396.67
396.67
396.67
396.67
396.67
396.67
396.67
396.67
396.67
396.67
396.67
399.166
399.166
399.166
399.166
399.166
409.042
409.042
409.042
409.042
409.042
409.042
409.042
409.042
409.042
409.042
409.042
409.042
409.042
409.042
409.042
409.042
409.042
409.042
409.042
409.042
409.042
409.042
409.042
409.042
409.042
420.008
420.008
420.008
420.008
420.008
420.008
420.008
420.008
420.008
420.008
420.008
420.008
420.008
420.008
420.008
420.008
420.008
420.008
420.008
420.008
420.008
420.008
420.008
420.008
420.008
420.008
420.008
420.008
420.008
420.008
420.008
420.008
420.008
420.008
420.008
420.008
420.008
420.008
420.008
420.008
420.008
420.008
420.008
420.008
420.008
420.008
420.008
420.008
420.008
420.008
420.008
420.008
420.008
420.008
420.008
420.008
420.008
420.008
420.008
420.008
420.008
420.008
420.008
420.008
420.008
420.008
420.008
420.008
420.008
420.008
420.008
420.008
420.008
420.008
420.008
420.008
420.008
420.008
420.008
420.008
420.008
420.008
420.008
420.008
420.008
420.008
420.008
420.008
420.008
420.008
420.008
420.008
420.008
420.008
420.008
420.008
420.008
420.008
420.008
420.008
420.008
420.008
420.008
420.008
420.008
420.008
420.008
420.008
420.008
420.008
420.008
420.008
420.008
420.008
420.008
420.008
420.008
420.008
420.008
420.008
420.008
420.008
420.008
420.008
420.008
420.008
420.008
420.008
420.008
420.008
420.008
420.008
420.008
420.008
420.008
420.008
420.008
420.008
420.008
420.008
420.008
420.008
420.008
420.008
420.008
420.008
420.008
420.008
420.008
420.008
420.008
420.008
420.008
420.008
420.008
420.008
420.008
420.008
420.008
420.008
420.008
420.008
420.008
420.008
420.008
420.008
420.008
420.008
420.008
420.008
420.008
420.008
420.008
420.008
420.008
420.008
420.008
420.008
420.008
420.008
420.008
420.008
420.008
420.008
420.008
420.008
420.008
420.008
420.008
420.008
420.008
420.008
420.008
420.008
420.008
420.008
420.008
420.008
420.008
420.008
420.008
420.008
420.008
420.008
420.008
420.008
420.008
420.008
420.008
420.008
420.008
420.008
420.008
420.008
420.008
420.008
420.008
420.008
420.008
420.008
420.008
420.008
420.008
420.008
420.008
420.008
420.008
420.008
420.008
420.008
420.008
420.008
420.008
420.008
420.008
420.008
420.008
420.008
420.008
420.008
420.008
420.008
420.008
420.008
420.008
420.008
420.008
420.008
420.008
420.008
420.008
420.008
420.008
420.008
420.008
420.008
420.008
420.008
420.008
420.008
420.008
420.008
427.596
427.596
427.596
427.596
427.596
427.596
427.596
427.596
427.596
427.596
427.596
427.596
431.046
431.046
431.046
431.046
431.046
431.046
431.046
431.046
431.046
431.046
431.046
431.046
431.046
431.046
431.046
431.046
431.046
431.046
431.046
431.046
431.046
431.046
431.046
431.046
431.046
431.046
431.046
431.046
431.046
431.046
431.046
431.046
431.046
431.046
431.046
431.046
431.046
431.046
431.046
431.046
431.046
431.046
431.046
431.046
431.046
431.046
431.046
431.046
431.046
431.046
431.046
431.046
431.046
431.046
431.046
431.046
431.046
431.046
431.046
431.046
431.046
431.046
431.046
431.046
431.046
431.046
431.046
431.046
431.046
431.046
431.046
431.046
431.046
431.046
431.046
431.046
431.046
431.046
431.046
431.046
431.046
431.046
431.046
431.046
431.046
431.046
431.046
431.046
431.046
431.046
431.046
